0 0.582227 0.219792 0.088672 0.428472
0 0.399219 0.098264 0.093750 0.097917
0 0.447656 0.063889 0.000000 0.000000
0 0.446680 0.064583 0.000391 0.000000
0 0.434766 0.070833 0.003125 0.001389
0 0.432422 0.072222 0.000000 0.000000
0 0.449219 0.171181 0.044531 0.118750
0 0.471875 0.222222 0.000000 0.000000
0 0.506250 0.368403 0.047656 0.157639
0 0.552344 0.463542 0.097656 0.057639
0 0.499805 0.626389 0.994141 0.373611
0 0.477930 0.514931 0.046484 0.075694
0 0.534766 0.497222 0.003906 0.005556
0 0.532422 0.500694 0.000000 0.000000
0 0.516016 0.525000 0.041406 0.047222
0 0.534961 0.553819 0.033984 0.028472
0 0.510547 0.614931 0.042969 0.085417
0 0.232813 0.722222 0.000000 0.000000
0 0.170703 0.723264 0.000000 0.000694
0 0.233984 0.722917 0.000000 0.000000
0 0.235547 0.723611 0.000781 0.000000
0 0.170313 0.724653 0.000000 0.000694
0 0.244141 0.728125 0.014844 0.007639
0 0.254297 0.741667 0.000000 0.000000
0 0.366602 0.743750 0.000391 0.000000
0 0.366016 0.744444 0.000000 0.000000
0 0.365234 0.745139 0.000000 0.000000
0 0.170508 0.776736 0.051953 0.032639
