0 0.066797 0.000000 0.000000 0.000000
0 0.498047 0.499306 0.995313 0.998611
0 0.065430 0.002778 0.000391 0.002778
0 0.064453 0.005556 0.000000 0.000000
0 0.075781 0.066667 0.000000 0.000000
0 0.584570 0.261458 0.022266 0.052083
0 0.575781 0.277778 0.000000 0.000000
0 0.568555 0.317708 0.019922 0.040972
0 0.585938 0.324653 0.019531 0.046528
0 0.000391 0.412500 0.000000 0.001389
0 0.051367 0.451389 0.101172 0.075000
0 0.475781 0.425000 0.000000 0.001389
0 0.009375 0.436806 0.000000 0.001389
0 0.010547 0.479861 0.000000 0.000000
0 0.119531 0.505208 0.033594 0.034028
0 0.267188 0.562500 0.277344 0.118056
0 0.128906 0.525694 0.000000 0.000000
0 0.404297 0.623264 0.000000 0.000694
0 0.404687 0.624306 0.000000 0.000000
0 0.525781 0.664931 0.000000 0.000694
0 0.440234 0.702778 0.000000 0.000000
