0 0.920703 0.463889 0.134375 0.173611
0 0.444922 0.505208 0.494531 0.138194
0 0.796094 0.480556 0.000000 0.000000
0 0.818945 0.501389 0.062891 0.040278
0 0.751172 0.489931 0.067969 0.013194
0 0.699414 0.498958 0.020703 0.007639
0 0.195703 0.543750 0.000000 0.000000
0 0.196094 0.544444 0.000000 0.000000
0 0.172070 0.550000 0.037891 0.009722
0 0.116992 0.566319 0.068359 0.034028
0 0.152148 0.552778 0.000391 0.000000
0 0.151562 0.553472 0.000000 0.000000
0 0.039648 0.576042 0.079297 0.031250
0 0.063281 0.588194 0.000000 0.000000
