0 0.049609 0.108333 0.057813 0.198611
0 0.499805 0.513542 0.999609 0.971528
0 0.229492 0.137500 0.087109 0.075000
0 0.273438 0.106250 0.000000 0.000000
0 0.274805 0.108333 0.000391 0.000000
0 0.277734 0.111111 0.004687 0.004167
0 0.181836 0.218056 0.019141 0.079167
0 0.085547 0.243750 0.006250 0.036111
0 0.067578 0.301042 0.010937 0.059028
0 0.162695 0.288542 0.015234 0.031250
0 0.285156 0.299653 0.027344 0.045139
0 0.271094 0.322917 0.000000 0.000000
0 0.270508 0.323958 0.000391 0.000694
0 0.269922 0.325347 0.000000 0.000694
0 0.269141 0.327083 0.000000 0.000000
0 0.267188 0.330556 0.000000 0.000000
0 0.266797 0.331250 0.000000 0.000000
0 0.266406 0.331944 0.000000 0.000000
0 0.266016 0.332639 0.000000 0.000000
0 0.265625 0.333333 0.000000 0.000000
0 0.265234 0.334028 0.000000 0.000000
0 0.258984 0.343056 0.011719 0.016667
0 0.245117 0.362847 0.015234 0.021528
0 0.137500 0.462500 0.000000 0.000000
0 0.137109 0.463542 0.000000 0.000694
0 0.136328 0.465625 0.000781 0.002083
0 0.384766 0.475000 0.000000 0.000000
0 0.118359 0.493056 0.000000 0.000000
0 0.026562 0.509722 0.000000 0.000000
0 0.061328 0.874653 0.120313 0.249306
0 0.814453 0.756597 0.000000 0.000694
0 0.814844 0.757639 0.000000 0.000000
0 0.816016 0.759722 0.001563 0.002778
0 0.817187 0.761806 0.000000 0.000000
0 0.817578 0.762500 0.000000 0.000000
0 0.828906 0.784028 0.000000 0.000000
0 0.831641 0.789583 0.000000 0.000000
0 0.832031 0.790278 0.000000 0.000000
0 0.832422 0.790972 0.000000 0.000000
0 0.833984 0.794444 0.000000 0.000000
0 0.859375 0.843750 0.000000 0.000000
