0 0.107227 0.147222 0.214453 0.237500
0 0.062305 0.114931 0.003516 0.000694
0 0.006055 0.131944 0.001953 0.001389
0 0.004687 0.133333 0.000000 0.000000
0 0.137891 0.238542 0.274219 0.188194
0 0.105078 0.166667 0.000000 0.000000
0 0.103516 0.199653 0.010156 0.014583
0 0.241406 0.281250 0.049219 0.041667
0 0.246875 0.343056 0.062500 0.051389
0 0.435156 0.373611 0.147656 0.105556
0 0.445117 0.481250 0.353516 0.268056
0 0.210938 0.353125 0.000781 0.002083
0 0.211719 0.354861 0.000000 0.000000
0 0.212109 0.355556 0.000000 0.000000
0 0.212500 0.356250 0.000000 0.000000
0 0.212891 0.356944 0.000000 0.000000
0 0.214258 0.359722 0.001953 0.002778
0 0.329297 0.366319 0.000000 0.000694
0 0.362305 0.383333 0.000391 0.000000
0 0.269922 0.389583 0.000000 0.000000
0 0.617773 0.495833 0.248047 0.159722
0 0.584961 0.505208 0.001953 0.010417
0 0.583203 0.529514 0.000000 0.000694
0 0.622461 0.546181 0.044922 0.017361
0 0.643359 0.537500 0.000000 0.000000
0 0.644531 0.538194 0.000781 0.000000
0 0.644531 0.561111 0.011719 0.029167
0 0.648047 0.547222 0.000000 0.000000
0 0.647266 0.547917 0.000000 0.000000
0 0.646484 0.548611 0.000000 0.000000
0 0.654687 0.565625 0.017969 0.018750
0 0.814063 0.694792 0.367969 0.207639
0 0.609766 0.605556 0.000000 0.000000
0 0.659766 0.617361 0.000781 0.001389
0 0.886523 0.701736 0.054297 0.056250
0 0.945508 0.749306 0.023828 0.041667
0 0.957031 0.737500 0.000000 0.000000
0 0.956641 0.738194 0.000000 0.000000
0 0.885547 0.773611 0.000000 0.000000
