0 0.727344 0.121875 0.132812 0.240972
0 0.692187 0.048611 0.096875 0.055556
0 0.770703 0.070139 0.000000 0.000000
0 0.769141 0.077778 0.000781 0.004167
0 0.642578 0.077431 0.000000 0.000694
0 0.615820 0.110764 0.052734 0.064583
0 0.767383 0.085069 0.001953 0.009028
0 0.764844 0.095486 0.002344 0.010417
0 0.589063 0.144097 0.000000 0.000694
0 0.568359 0.169792 0.046094 0.031250
0 0.531836 0.232292 0.035547 0.053472
0 0.621680 0.232986 0.018359 0.014583
0 0.604688 0.244792 0.042188 0.022917
0 0.714063 0.246528 0.021094 0.019444
0 0.572656 0.245486 0.007812 0.015972
0 0.500781 0.588194 0.993750 0.694444
0 0.631250 0.264236 0.014844 0.020139
0 0.773828 0.342361 0.105469 0.019444
0 0.012500 0.334028 0.000000 0.000000
0 0.702734 0.387847 0.061719 0.097917
0 0.673633 0.420833 0.001172 0.000000
0 0.751563 0.547222 0.000000 0.000000
0 0.627539 0.590625 0.073828 0.068750
0 0.678906 0.563194 0.020313 0.008333
0 0.662109 0.598611 0.039062 0.030556
0 0.459766 0.588194 0.000000 0.000000
0 0.336328 0.613542 0.188281 0.042361
0 0.589844 0.600000 0.000000 0.000000
0 0.589453 0.600694 0.000000 0.000000
0 0.642188 0.614583 0.000000 0.000000
0 0.631641 0.763542 0.076563 0.152083
0 0.557422 0.798958 0.014063 0.036806
0 0.868750 0.853125 0.044531 0.122917
0 0.445898 0.826736 0.092578 0.035417
0 0.739453 0.920833 0.166406 0.156944
0 0.897461 0.962847 0.044922 0.072917
