0 0.222656 0.257986 0.251563 0.499306
0 0.350586 0.432292 0.030078 0.040972
0 0.656836 0.549653 0.652734 0.256250
0 0.367383 0.435417 0.000391 0.002778
0 0.342383 0.452431 0.001953 0.004861
0 0.217578 0.513889 0.031250 0.037500
0 0.234766 0.539236 0.000781 0.007639
0 0.240430 0.552431 0.009766 0.011806
0 0.247070 0.559375 0.000391 0.000694
0 0.258984 0.575694 0.017969 0.026389
0 0.269531 0.592361 0.000000 0.000000
0 0.269922 0.593403 0.000000 0.000694
0 0.271094 0.597569 0.001563 0.004861
0 0.272461 0.601042 0.000391 0.000694
0 0.233398 0.756944 0.173047 0.305556
0 0.390234 0.641667 0.001563 0.005556
0 0.165039 0.834722 0.001953 0.019444
0 0.166406 0.911458 0.000000 0.000694
0 0.166797 0.912500 0.000000 0.000000
0 0.181836 0.931597 0.029297 0.035417
