0 0.387891 0.042361 0.132031 0.047222
0 0.469727 0.079514 0.032422 0.063194
0 0.258594 0.091667 0.105469 0.062500
0 0.453125 0.081944 0.000000 0.000000
0 0.452344 0.084028 0.000000 0.000000
0 0.451367 0.085417 0.001172 0.001389
0 0.436719 0.235764 0.065625 0.299306
0 0.449805 0.087500 0.001172 0.001389
0 0.448828 0.088889 0.000000 0.000000
0 0.448242 0.089583 0.000391 0.000000
0 0.447656 0.090278 0.000000 0.000000
0 0.468945 0.132639 0.023047 0.034722
0 0.482031 0.161111 0.000000 0.000000
0 0.481641 0.161806 0.000000 0.000000
0 0.481250 0.163194 0.000000 0.000000
0 0.488867 0.181250 0.026953 0.031944
0 0.479297 0.168750 0.000000 0.000000
0 0.478906 0.170139 0.000000 0.000000
0 0.478516 0.170833 0.000000 0.000000
0 0.478125 0.172222 0.000000 0.000000
0 0.509766 0.224653 0.088281 0.047917
0 0.475781 0.201389 0.000000 0.000000
0 0.495312 0.370486 0.036719 0.032639
0 0.342773 0.546181 0.185547 0.339583
0 0.445703 0.407986 0.053906 0.049306
0 0.419922 0.424306 0.000000 0.000000
0 0.419531 0.425347 0.000000 0.000694
0 0.419141 0.427083 0.000000 0.000000
0 0.450000 0.477778 0.115625 0.054167
0 0.401758 0.477778 0.029297 0.012500
0 0.386914 0.499653 0.001172 0.000694
0 0.506836 0.537847 0.049609 0.040972
0 0.382227 0.569097 0.037891 0.029861
0 0.720313 0.598264 0.092188 0.063194
0 0.639258 0.741319 0.720703 0.338194
0 0.677344 0.615278 0.000000 0.000000
0 0.678516 0.615972 0.001563 0.000000
0 0.529883 0.638889 0.000391 0.000000
0 0.738281 0.702083 0.085156 0.040278
0 0.257031 0.693750 0.000000 0.000000
0 0.256250 0.694444 0.000000 0.000000
0 0.648242 0.784375 0.073047 0.046528
0 0.630664 0.764583 0.000391 0.000000
0 0.255859 0.874653 0.032031 0.040972
0 0.306641 0.962153 0.075781 0.072917
