0 0.534375 0.022656 0.020139 0.043750
0 0.539583 0.098242 0.030556 0.094922
0 0.529167 0.196680 0.029167 0.100391
0 0.602083 0.343164 0.033333 0.026953
0 0.568750 0.365039 0.019444 0.026953
0 0.518750 0.377344 0.031944 0.039062
0 0.552778 0.384961 0.023611 0.016016
0 0.547917 0.431250 0.033333 0.052344
0 0.552778 0.477734 0.051389 0.032813
0 0.544444 0.487500 0.000000 0.000000
0 0.545139 0.488672 0.000000 0.000000
0 0.556944 0.601367 0.030556 0.031641
0 0.478125 0.686914 0.047917 0.089453
0 0.398264 0.747070 0.110417 0.053516
0 0.483681 0.787305 0.036806 0.099609
0 0.296181 0.775000 0.059028 0.039062
0 0.136458 0.897266 0.272917 0.204687
0 0.483333 0.864258 0.015278 0.046484
0 0.430903 0.916211 0.017361 0.037109
0 0.411111 0.943555 0.020833 0.037891
