0 0.043164 0.050694 0.042578 0.043056
0 0.005469 0.038542 0.009375 0.006250
0 0.049023 0.242361 0.011328 0.016667
0 0.050781 0.275000 0.007031 0.013889
0 0.054492 0.282639 0.000391 0.000000
0 0.068750 0.316667 0.026562 0.066667
0 0.053320 0.463889 0.106641 0.190278
0 0.687500 0.510417 0.624219 0.216667
0 0.325195 0.432986 0.085547 0.038194
0 0.132617 0.480556 0.041016 0.031944
0 0.237500 0.485069 0.106250 0.035417
0 0.184375 0.495833 0.000000 0.000000
0 0.183984 0.496528 0.000000 0.000000
0 0.183594 0.497222 0.000000 0.000000
0 0.172461 0.507639 0.021484 0.019444
