0 0.567773 0.028472 0.012109 0.056944
0 0.561914 0.058681 0.000391 0.002083
0 0.561328 0.061111 0.000000 0.000000
0 0.560937 0.062500 0.000000 0.000000
0 0.550000 0.072222 0.007812 0.018056
0 0.543359 0.163889 0.034375 0.201389
0 0.517969 0.280208 0.005469 0.015972
0 0.514844 0.288889 0.000000 0.000000
0 0.511133 0.321528 0.006641 0.063889
0 0.500977 0.361806 0.012891 0.029167
0 0.453125 0.490625 0.062500 0.217361
0 0.399609 0.687153 0.032031 0.175694
0 0.383008 0.776389 0.001172 0.002778
0 0.377539 0.889583 0.018359 0.219444
