0 0.402148 0.303125 0.405859 0.606250
0 0.031445 0.027778 0.062891 0.034722
0 0.108008 0.044444 0.091016 0.051389
0 0.061328 0.045833 0.000000 0.000000
0 0.061719 0.046528 0.000000 0.000000
0 0.062305 0.047222 0.000391 0.000000
0 0.063086 0.047917 0.000391 0.000000
0 0.063672 0.048611 0.000000 0.000000
0 0.132227 0.062847 0.001172 0.000694
0 0.179492 0.096528 0.048828 0.065278
0 0.146484 0.069444 0.000000 0.000000
0 0.147266 0.070486 0.000781 0.000694
0 0.198047 0.130556 0.000000 0.001389
0 0.199219 0.131250 0.000000 0.000000
0 0.199609 0.132292 0.000000 0.000694
0 0.205078 0.141667 0.000000 0.000000
0 0.204687 0.143750 0.000000 0.000000
0 0.347070 0.149306 0.000391 0.004167
0 0.347656 0.147917 0.000000 0.000000
0 0.348047 0.148611 0.000000 0.000000
0 0.347656 0.152778 0.000000 0.000000
0 0.392188 0.411111 0.001563 0.001389
0 0.822852 0.477778 0.353516 0.125000
0 0.625000 0.501736 0.049219 0.049306
0 0.602344 0.494444 0.000000 0.000000
0 0.602734 0.495139 0.000000 0.000000
0 0.489063 0.555903 0.000781 0.000694
0 0.489844 0.557639 0.000000 0.000000
0 0.472656 0.583333 0.000000 0.000000
0 0.473047 0.584028 0.000000 0.000000
0 0.473438 0.584722 0.000000 0.000000
0 0.319336 0.636111 0.068359 0.062500
0 0.296094 0.735764 0.049219 0.143750
0 0.272266 0.717361 0.000000 0.000000
0 0.256250 0.892708 0.279687 0.213194
0 0.328516 0.822917 0.000000 0.000000
0 0.175781 0.974306 0.004687 0.001389
0 0.171875 0.975000 0.000000 0.000000
