0 0.499414 0.490972 0.998828 0.981944
0 0.573438 0.125694 0.000000 0.000000
0 0.559570 0.159722 0.030078 0.062500
0 0.551953 0.333333 0.000000 0.000000
0 0.548438 0.334722 0.000781 0.000000
0 0.591016 0.536458 0.000000 0.003472
0 0.590625 0.539931 0.000000 0.002083
0 0.590234 0.542708 0.000000 0.000694
0 0.163281 0.604167 0.000000 0.000000
0 0.164062 0.606250 0.000000 0.000000
0 0.321875 0.654861 0.000000 0.000000
0 0.696484 0.654861 0.000781 0.000000
0 0.558594 0.667708 0.003125 0.002083
0 0.903906 0.815972 0.000000 0.000000
