0 0.706641 0.076042 0.010937 0.152083
0 0.211719 0.021181 0.003125 0.039583
0 0.207617 0.110417 0.005859 0.105556
0 0.209961 0.192014 0.002734 0.035417
0 0.688281 0.250347 0.004687 0.040972
0 0.211328 0.320833 0.011719 0.102778
0 0.679297 0.311111 0.000000 0.000000
0 0.681250 0.339931 0.003125 0.057639
0 0.217969 0.410417 0.004687 0.050000
0 0.494727 0.615278 0.337109 0.309722
0 0.221484 0.493056 0.003125 0.044444
0 0.298438 0.551389 0.139844 0.118056
0 0.220898 0.573611 0.004297 0.095833
0 0.229883 0.715625 0.001953 0.040972
0 0.228906 0.738889 0.000000 0.000000
0 0.211523 0.791319 0.030859 0.078472
0 0.640625 0.850000 0.005469 0.033333
0 0.189844 0.870139 0.010156 0.058333
0 0.638477 0.900347 0.005078 0.034028
0 0.641016 0.959375 0.013281 0.079861
0 0.176758 0.962500 0.005078 0.051389
