0 0.052148 0.272917 0.094922 0.034722
0 0.242773 0.298264 0.064453 0.013194
0 0.754687 0.307986 0.081250 0.029861
0 0.228516 0.340972 0.046875 0.027778
0 0.132617 0.350694 0.129297 0.034722
0 0.027344 0.433681 0.050781 0.017361
0 0.054688 0.430903 0.000781 0.002083
0 0.053906 0.432639 0.000000 0.000000
0 0.455469 0.456250 0.108594 0.045833
0 0.499219 0.568056 0.991406 0.183333
0 0.524805 0.501736 0.132422 0.040972
0 0.460156 0.500694 0.000000 0.000000
0 0.605469 0.514931 0.038281 0.014583
0 0.645117 0.557292 0.084766 0.047917
