0 0.396875 0.499653 0.793750 0.999306
0 0.627734 0.217708 0.275781 0.435417
0 0.649805 0.010417 0.030859 0.020833
0 0.560937 0.034722 0.050000 0.044444
0 0.621484 0.026042 0.019531 0.020139
0 0.529102 0.029861 0.009766 0.025000
0 0.597852 0.026389 0.017578 0.012500
0 0.569922 0.024306 0.000000 0.000000
0 0.933203 0.252083 0.130469 0.237500
0 0.078320 0.176736 0.013672 0.020139
0 0.075977 0.190625 0.005859 0.014583
0 0.084375 0.261111 0.000000 0.000000
0 0.010937 0.278472 0.021094 0.022222
0 0.121484 0.341319 0.000000 0.000694
0 0.876758 0.390625 0.244922 0.050694
0 0.603906 0.368056 0.000000 0.000000
0 0.738867 0.386806 0.020703 0.023611
0 0.753711 0.393403 0.000391 0.000694
0 0.650391 0.403472 0.000000 0.000000
0 0.650781 0.404861 0.000000 0.000000
0 0.733984 0.420139 0.000000 0.000000
0 0.540039 0.430208 0.016016 0.006250
0 0.165234 0.438194 0.000000 0.000000
0 0.743750 0.544444 0.027344 0.183333
0 0.875977 0.487153 0.037109 0.027083
0 0.848437 0.501389 0.027344 0.009722
0 0.875000 0.503819 0.023438 0.014583
0 0.984766 0.512500 0.028906 0.026389
0 0.913086 0.517708 0.037109 0.025694
0 0.936719 0.520833 0.024219 0.020833
0 0.955078 0.521875 0.013281 0.010417
0 0.385742 0.543403 0.001172 0.002083
0 0.386328 0.545833 0.000000 0.000000
0 0.527734 0.641667 0.000000 0.000000
0 0.761328 0.669097 0.017188 0.054861
0 0.528125 0.642361 0.000000 0.000000
0 0.528906 0.643056 0.000000 0.000000
0 0.529297 0.643750 0.000000 0.000000
0 0.749414 0.657639 0.004297 0.025000
0 0.760938 0.689583 0.000000 0.000000
0 0.801953 0.900000 0.061719 0.198611
0 0.383984 0.945833 0.035156 0.101389
0 0.382422 0.904514 0.003906 0.007639
0 0.384766 0.909722 0.000000 0.000000
0 0.225000 0.912500 0.000000 0.000000
0 0.225781 0.913542 0.000781 0.000694
0 0.226562 0.914583 0.000000 0.000000
0 0.791406 0.936111 0.025000 0.019444
0 0.794727 0.952083 0.018359 0.022222
