0 0.210938 0.282639 0.418750 0.563889
0 0.266406 0.095833 0.000000 0.000000
0 0.016016 0.334375 0.027344 0.036806
0 0.030859 0.336806 0.000000 0.000000
0 0.040234 0.352778 0.000000 0.000000
0 0.039258 0.353472 0.000391 0.000000
0 0.004297 0.372917 0.000000 0.000000
0 0.003516 0.373611 0.000000 0.000000
0 0.467969 0.522917 0.282031 0.297222
0 0.330469 0.384722 0.000000 0.000000
0 0.007422 0.388194 0.000000 0.000000
0 0.272656 0.427431 0.032031 0.046528
0 0.285742 0.473611 0.016797 0.034722
0 0.278906 0.462500 0.000000 0.000000
0 0.294531 0.491667 0.000000 0.000000
0 0.938086 0.577431 0.117578 0.114583
0 0.803516 0.594097 0.165625 0.125694
0 0.765039 0.818750 0.316797 0.359722
0 0.736328 0.737500 0.000000 0.000000
0 0.735938 0.738889 0.000000 0.000000
0 0.753516 0.787500 0.000000 0.000000
