0 0.643359 0.044097 0.018750 0.088194
0 0.945508 0.064583 0.054297 0.129167
0 0.116211 0.247222 0.127734 0.493056
0 0.615039 0.201389 0.313672 0.370833
0 0.489844 0.038194 0.000000 0.000000
0 0.457813 0.050000 0.000000 0.000000
0 0.455859 0.052083 0.003125 0.002778
0 0.319727 0.178819 0.277734 0.247917
0 0.432031 0.070139 0.000000 0.000000
0 0.432812 0.071528 0.000000 0.000000
0 0.922266 0.146875 0.017188 0.040972
0 0.661719 0.156944 0.000000 0.000000
0 0.657031 0.157639 0.000000 0.000000
0 0.662109 0.157639 0.000000 0.000000
0 0.896875 0.259028 0.049219 0.187500
0 0.107813 0.200000 0.000000 0.000000
0 0.107422 0.200694 0.000000 0.000000
0 0.698047 0.201042 0.000000 0.000694
0 0.107031 0.202083 0.000000 0.000000
0 0.698438 0.202778 0.000000 0.000000
0 0.106641 0.203819 0.000000 0.000694
0 0.698828 0.203819 0.000000 0.000694
0 0.699219 0.205556 0.000000 0.000000
0 0.700000 0.206944 0.000000 0.000000
0 0.701172 0.211111 0.000000 0.000000
0 0.701562 0.211806 0.000000 0.000000
0 0.702344 0.213889 0.000000 0.000000
0 0.702734 0.215278 0.000000 0.000000
0 0.904687 0.225694 0.000000 0.000000
0 0.903906 0.227778 0.000000 0.001389
0 0.132031 0.243056 0.000000 0.000000
0 0.228906 0.252083 0.001563 0.000000
0 0.230664 0.252778 0.000391 0.000000
0 0.146094 0.254861 0.000000 0.000000
0 0.410547 0.281250 0.000000 0.000000
0 0.410938 0.281944 0.000000 0.000000
0 0.364258 0.402431 0.030859 0.199306
0 0.017773 0.308333 0.000391 0.000000
0 0.025391 0.328819 0.049219 0.038194
0 0.372266 0.320833 0.000000 0.000000
0 0.772461 0.322569 0.000391 0.003472
0 0.774219 0.328472 0.000000 0.000000
0 0.767578 0.379861 0.042969 0.102778
0 0.050391 0.341667 0.000000 0.000000
0 0.051172 0.342361 0.000000 0.000000
0 0.051562 0.343056 0.000000 0.000000
0 0.872656 0.351389 0.000000 0.000000
0 0.873047 0.352083 0.000000 0.000000
0 0.873828 0.354167 0.000000 0.000000
0 0.874219 0.354861 0.000000 0.000000
0 0.886133 0.429167 0.226953 0.147222
0 0.688281 0.389931 0.028125 0.018750
0 0.741016 0.381250 0.000000 0.000000
0 0.741406 0.381944 0.000000 0.000000
0 0.743164 0.391319 0.002734 0.014583
0 0.692773 0.386806 0.001172 0.000000
0 0.620313 0.453125 0.173437 0.129861
0 0.771680 0.434375 0.000391 0.002083
0 0.954102 0.440278 0.000391 0.000000
0 0.955273 0.440972 0.000391 0.000000
0 0.957031 0.441667 0.000000 0.000000
0 0.957812 0.442361 0.000000 0.000000
0 0.121680 0.456944 0.000391 0.000000
0 0.120898 0.457639 0.000391 0.000000
0 0.119922 0.494444 0.000000 0.000000
0 0.110937 0.616667 0.024219 0.243056
0 0.390625 0.553472 0.109375 0.113889
0 0.796289 0.625694 0.037891 0.251389
0 0.497461 0.521875 0.067578 0.038194
0 0.450195 0.528125 0.026172 0.028472
0 0.534375 0.518750 0.000000 0.000000
0 0.531836 0.524306 0.003516 0.008333
0 0.376367 0.526042 0.000391 0.000694
0 0.375781 0.527083 0.000000 0.000000
0 0.364258 0.805556 0.039453 0.387500
0 0.118945 0.740278 0.000391 0.000000
0 0.159375 0.870139 0.103125 0.258333
0 0.781445 0.748611 0.000391 0.000000
0 0.703125 0.874653 0.157812 0.245139
0 0.505664 0.914583 0.245703 0.169444
0 0.376953 0.856250 0.000000 0.000000
0 0.377344 0.856944 0.000000 0.000000
0 0.382031 0.858681 0.000000 0.000694
0 0.381641 0.860069 0.000000 0.000694
0 0.632031 0.929861 0.000781 0.000000
0 0.157227 0.984722 0.000391 0.000000
