0 0.496289 0.435764 0.992578 0.857639
0 0.005469 0.102778 0.002344 0.002778
0 0.350391 0.393056 0.000000 0.000000
0 0.354297 0.400000 0.007031 0.012500
0 0.333789 0.562847 0.034766 0.334028
0 0.674609 0.519444 0.003906 0.008333
0 0.139258 0.637500 0.008984 0.063889
0 0.088672 0.731944 0.153125 0.161111
0 0.007227 0.673611 0.008203 0.006944
0 0.140430 0.673958 0.000391 0.000694
0 0.141016 0.680208 0.000000 0.000694
0 0.141602 0.682292 0.000391 0.002083
0 0.765625 0.806250 0.000781 0.005556
0 0.798047 0.904167 0.063281 0.187500
