0 0.363281 0.209028 0.275000 0.418056
0 0.548438 0.147222 0.093750 0.294444
0 0.543555 0.004167 0.000391 0.000000
0 0.542578 0.004861 0.000781 0.000000
0 0.032617 0.151042 0.062109 0.189583
0 0.494531 0.207639 0.000000 0.000000
0 0.342578 0.614931 0.154688 0.768750
0 0.079883 0.268403 0.037109 0.042361
0 0.367188 0.252083 0.000000 0.000000
0 0.367578 0.252778 0.000000 0.000000
0 0.368359 0.253819 0.000781 0.000694
0 0.369141 0.254861 0.000000 0.000000
0 0.143750 0.287847 0.089063 0.032639
0 0.099609 0.281944 0.000000 0.000000
0 0.804688 0.502778 0.388281 0.433333
0 0.225391 0.309722 0.073438 0.034722
0 0.263281 0.295139 0.000781 0.000000
0 0.596680 0.295486 0.001172 0.000694
0 0.262500 0.295833 0.000000 0.000000
0 0.597656 0.296875 0.000000 0.000694
0 0.598437 0.297222 0.000000 0.000000
0 0.598047 0.297917 0.000000 0.000000
0 0.609961 0.469792 0.026172 0.342361
0 0.599609 0.298611 0.000000 0.000000
0 0.600391 0.299306 0.000000 0.000000
0 0.186133 0.304861 0.000391 0.000000
0 0.187109 0.305556 0.000781 0.000000
0 0.999219 0.306944 0.000000 0.000000
0 0.885938 0.389583 0.000781 0.000000
0 0.416992 0.420139 0.001172 0.000000
0 0.421875 0.489583 0.003125 0.001389
0 0.433789 0.489583 0.005859 0.001389
0 0.445117 0.489583 0.003516 0.001389
0 0.448437 0.489236 0.001563 0.000694
0 0.449805 0.490278 0.000391 0.000000
0 0.451172 0.490972 0.000000 0.000000
0 0.458008 0.494792 0.010547 0.006250
0 0.469922 0.492708 0.004687 0.000694
0 0.466992 0.493750 0.000391 0.000000
0 0.485547 0.497222 0.007812 0.006944
0 0.466406 0.494444 0.000000 0.000000
0 0.466016 0.495139 0.000000 0.000000
0 0.465234 0.495833 0.000000 0.000000
0 0.464453 0.496528 0.000000 0.000000
0 0.489844 0.501389 0.000000 0.000000
0 0.504883 0.501389 0.003516 0.000000
0 0.493945 0.503125 0.006641 0.002083
0 0.507031 0.502778 0.000000 0.001389
0 0.307031 0.614583 0.000000 0.000000
0 0.306641 0.615278 0.000000 0.000000
0 0.306250 0.615972 0.000000 0.000000
0 0.305859 0.616667 0.000000 0.000000
0 0.603516 0.643056 0.000000 0.000000
0 0.550391 0.822222 0.186719 0.354167
0 0.646289 0.725694 0.004297 0.011111
0 0.630078 0.769097 0.001563 0.000694
0 0.631836 0.770486 0.001172 0.000694
0 0.633203 0.771528 0.000000 0.000000
0 0.633594 0.772222 0.000000 0.000000
