0 0.377539 0.011458 0.006641 0.021528
0 0.392773 0.045139 0.026172 0.038889
0 0.408398 0.089583 0.016016 0.041667
0 0.405859 0.108333 0.000000 0.000000
0 0.408594 0.110417 0.003125 0.002778
0 0.413867 0.119792 0.005859 0.017361
0 0.410547 0.112500 0.000000 0.000000
0 0.434766 0.194444 0.004687 0.048611
0 0.490430 0.194792 0.012891 0.013194
0 0.505664 0.246181 0.016016 0.088194
0 0.506250 0.298611 0.000000 0.000000
0 0.505273 0.330208 0.010547 0.061806
0 0.434180 0.353819 0.009766 0.029861
0 0.451953 0.393750 0.007812 0.027778
0 0.490430 0.397569 0.004297 0.017361
0 0.467187 0.398264 0.008594 0.013194
0 0.475977 0.412153 0.008203 0.013194
0 0.486328 0.415625 0.004687 0.017361
0 0.464453 0.437153 0.008594 0.021528
0 0.473242 0.461458 0.005078 0.053472
0 0.472852 0.563194 0.012109 0.106944
0 0.470898 0.670139 0.011328 0.093056
0 0.461328 0.727431 0.003125 0.015972
0 0.451367 0.785417 0.012891 0.097222
0 0.459766 0.736806 0.000000 0.000000
0 0.433789 0.916667 0.022266 0.165278
