0 0.250391 0.051736 0.060937 0.099306
0 0.355078 0.040625 0.020313 0.075694
0 0.703906 0.029514 0.017188 0.010417
0 0.631836 0.184722 0.124609 0.308333
0 0.390625 0.071875 0.021875 0.072917
0 0.373828 0.128125 0.013281 0.035417
0 0.378516 0.181250 0.010937 0.051389
0 0.335156 0.262500 0.050781 0.090278
0 0.611719 0.230556 0.000000 0.000000
0 0.312695 0.272222 0.010547 0.029167
0 0.308203 0.286111 0.000000 0.000000
0 0.328320 0.295486 0.008203 0.006250
0 0.294727 0.343056 0.030078 0.058333
0 0.557031 0.349306 0.029687 0.029167
0 0.379883 0.671875 0.257422 0.654861
0 0.527148 0.363889 0.026172 0.036111
0 0.462500 0.352778 0.000781 0.000000
0 0.245312 0.462153 0.028906 0.035417
0 0.143359 0.480903 0.177344 0.056250
0 0.026758 0.479514 0.053516 0.036806
0 0.234766 0.463194 0.000000 0.000000
0 0.234375 0.463889 0.000000 0.000000
0 0.241211 0.480556 0.016016 0.004167
0 0.058594 0.496528 0.000000 0.000000
0 0.094727 0.509722 0.004297 0.006944
0 0.092188 0.513889 0.000000 0.000000
0 0.322656 0.660764 0.000000 0.000694
0 0.309961 0.672222 0.010547 0.009722
