0 0.025391 0.256944 0.047656 0.147222
0 0.007422 0.289583 0.000000 0.000000
0 0.946094 0.329514 0.051562 0.039583
0 0.499805 0.478472 0.999609 0.319444
0 0.979883 0.364583 0.036328 0.030556
0 0.916602 0.369444 0.030078 0.019444
0 0.936719 0.379861 0.024219 0.033333
0 0.005469 0.368056 0.000000 0.000000
0 0.326562 0.409722 0.000000 0.000000
0 0.144531 0.459722 0.000000 0.000000
0 0.145703 0.461111 0.000000 0.000000
0 0.146094 0.461806 0.000000 0.000000
0 0.146484 0.462500 0.000000 0.000000
0 0.101367 0.585069 0.198047 0.109028
0 0.567969 0.555556 0.000000 0.000000
