0 0.406836 0.502083 0.231641 0.994444
0 0.699805 0.367708 0.357422 0.436806
0 0.529297 0.151736 0.000781 0.000694
0 0.530273 0.153819 0.000391 0.002083
0 0.531250 0.157292 0.000000 0.000694
0 0.531641 0.158333 0.000000 0.000000
0 0.527930 0.175347 0.005859 0.007639
0 0.531445 0.179861 0.000391 0.000000
0 0.532813 0.181250 0.000000 0.000000
0 0.533594 0.181944 0.000000 0.000000
0 0.550000 0.209375 0.000000 0.000694
0 0.570898 0.225694 0.000391 0.000000
0 0.571484 0.226389 0.000000 0.000000
0 0.571875 0.227083 0.000000 0.000000
0 0.572266 0.227778 0.000000 0.000000
0 0.689453 0.291319 0.003906 0.000694
0 0.687109 0.292361 0.000000 0.000000
0 0.870508 0.508681 0.000391 0.000694
0 0.871094 0.509722 0.000000 0.000000
0 0.871484 0.511111 0.000000 0.001389
0 0.871875 0.514583 0.000000 0.000000
0 0.872266 0.515278 0.000000 0.000000
0 0.665625 0.564931 0.001563 0.002083
0 0.666797 0.566667 0.000000 0.000000
0 0.667188 0.567361 0.000000 0.000000
0 0.670312 0.571528 0.000000 0.000000
0 0.675000 0.576736 0.008594 0.009028
0 0.617969 0.776389 0.447656 0.386111
0 0.867188 0.586806 0.000000 0.000000
0 0.752734 0.766319 0.000781 0.000694
0 0.751953 0.767361 0.000000 0.000000
0 0.369727 0.803819 0.048047 0.040972
0 0.343945 0.792361 0.002734 0.002778
0 0.668359 0.825347 0.000000 0.000694
0 0.670703 0.827431 0.003906 0.002083
0 0.858203 0.984722 0.024219 0.027778
