0 0.161719 0.468750 0.322656 0.204167
0 0.003125 0.383333 0.000000 0.000000
0 0.451562 0.497917 0.421094 0.187500
0 0.358203 0.491667 0.000000 0.000000
0 0.337891 0.513889 0.043750 0.043056
0 0.102344 0.500000 0.000000 0.000000
0 0.103125 0.500694 0.000000 0.000000
0 0.181250 0.512153 0.000000 0.000694
0 0.636719 0.542361 0.000000 0.000000
0 0.637109 0.543750 0.000000 0.000000
0 0.638672 0.549306 0.000000 0.000000
0 0.286328 0.639931 0.078125 0.168750
0 0.618164 0.614583 0.098828 0.077778
0 0.802539 0.611458 0.153516 0.071528
0 0.710547 0.621875 0.115625 0.050694
0 0.911328 0.693403 0.163281 0.103472
0 0.832422 0.675347 0.002344 0.000694
0 0.834375 0.676389 0.000000 0.000000
