0 0.338477 0.209028 0.676172 0.418056
0 0.771875 0.187153 0.455469 0.127083
0 0.698633 0.199653 0.000391 0.000694
0 0.095312 0.212847 0.000000 0.000694
0 0.094141 0.215278 0.000000 0.000000
0 0.093750 0.216667 0.000000 0.000000
0 0.543750 0.251389 0.000000 0.000000
0 0.543359 0.252431 0.000000 0.000694
0 0.238867 0.663889 0.080078 0.668056
0 0.500977 0.341667 0.000391 0.000000
0 0.189062 0.362153 0.011719 0.038194
0 0.750586 0.402083 0.145703 0.066667
0 0.821875 0.371875 0.000781 0.000694
0 0.823828 0.371875 0.000000 0.000694
0 0.820703 0.373611 0.000000 0.000000
0 0.676758 0.412500 0.000391 0.000000
0 0.647266 0.521875 0.003125 0.011806
0 0.649414 0.520486 0.000391 0.000694
0 0.650977 0.521528 0.001172 0.000000
0 0.654492 0.525000 0.003516 0.005556
0 0.682617 0.576389 0.056641 0.095833
0 0.694727 0.602083 0.001953 0.002778
0 0.855273 0.743403 0.288672 0.278472
0 0.212500 0.665972 0.000000 0.000000
0 0.212109 0.666667 0.000000 0.000000
0 0.240430 0.780903 0.001172 0.000694
0 0.236328 0.783681 0.000000 0.000694
0 0.895508 0.817361 0.004297 0.001389
0 0.898828 0.816667 0.000000 0.000000
0 0.898438 0.817361 0.000000 0.000000
0 0.247461 0.826736 0.000391 0.000694
