0 0.006445 0.415625 0.011328 0.053472
0 0.025586 0.465972 0.050391 0.056944
0 0.065039 0.451042 0.008203 0.014583
0 0.106250 0.526042 0.107031 0.103472
0 0.797656 0.543750 0.287500 0.120833
0 0.546875 0.511111 0.017188 0.027778
0 0.224609 0.507986 0.024219 0.017361
0 0.444141 0.540625 0.085156 0.064583
0 0.526563 0.542014 0.080469 0.046528
0 0.247461 0.543403 0.058984 0.047917
0 0.168945 0.536458 0.013672 0.027083
0 0.542578 0.523611 0.000000 0.000000
0 0.307031 0.540972 0.038281 0.030556
0 0.410742 0.536806 0.001172 0.004167
0 0.233008 0.537153 0.001172 0.002083
0 0.381055 0.553472 0.092578 0.033333
0 0.579297 0.555208 0.018750 0.036806
0 0.616211 0.552431 0.046484 0.029861
0 0.972070 0.561806 0.055078 0.043056
0 0.598047 0.567361 0.006250 0.029167
0 0.182227 0.561111 0.035547 0.013889
0 0.626953 0.583333 0.018750 0.054167
0 0.167578 0.563889 0.000000 0.000000
0 0.948828 0.577083 0.000000 0.000000
0 0.949219 0.577778 0.000000 0.000000
0 0.916016 0.602778 0.002344 0.002778
