0 0.269531 0.499653 0.302344 0.999306
0 0.787695 0.093750 0.083984 0.168056
0 0.837891 0.150000 0.000000 0.000000
0 0.836719 0.154514 0.001563 0.006250
0 0.862695 0.186111 0.049609 0.055556
0 0.704883 0.470139 0.589453 0.202778
0 0.408594 0.554167 0.000000 0.000000
0 0.847266 0.831944 0.000781 0.000000
0 0.848242 0.832639 0.000391 0.000000
0 0.849609 0.833333 0.000000 0.000000
0 0.852344 0.834722 0.000000 0.000000
0 0.861133 0.838889 0.015234 0.006944
0 0.870117 0.843056 0.001953 0.000000
0 0.874023 0.845139 0.005078 0.002778
0 0.877539 0.847222 0.000391 0.000000
0 0.879492 0.847917 0.000391 0.000000
0 0.883398 0.850000 0.005078 0.002778
0 0.886719 0.852083 0.000781 0.000000
0 0.925781 0.892014 0.076563 0.078472
