0 0.317773 0.429861 0.042578 0.037500
0 0.294531 0.447917 0.021875 0.034722
0 0.240039 0.447917 0.019141 0.030556
0 0.496094 0.539583 0.992188 0.191667
0 0.218359 0.472222 0.057813 0.027778
0 0.290234 0.470833 0.000000 0.000000
0 0.289844 0.471875 0.000000 0.000694
0 0.289453 0.473611 0.000000 0.000000
0 0.160742 0.490278 0.038672 0.031944
0 0.289062 0.478125 0.000000 0.004861
0 0.393555 0.529861 0.013672 0.018056
0 0.575000 0.524306 0.000000 0.000000
0 0.427344 0.541319 0.028906 0.028472
0 0.307227 0.551042 0.038672 0.028472
0 0.393555 0.540625 0.001953 0.002083
0 0.394922 0.542361 0.000000 0.000000
0 0.353516 0.564583 0.000000 0.000000
0 0.354297 0.565278 0.000000 0.000000
0 0.322852 0.595486 0.023828 0.059028
0 0.354687 0.565972 0.000000 0.000000
