0 0.500195 0.023611 0.005859 0.045833
0 0.494727 0.062500 0.004297 0.030556
0 0.497070 0.099306 0.002734 0.005556
0 0.498828 0.102778 0.000000 0.000000
0 0.499219 0.103472 0.000000 0.000000
0 0.499609 0.104167 0.000000 0.000000
0 0.501953 0.154514 0.014063 0.099306
0 0.493750 0.240625 0.003906 0.067361
0 0.495312 0.282639 0.000000 0.000000
0 0.512500 0.527778 0.033594 0.488889
0 0.457227 0.676389 0.000391 0.000000
0 0.460352 0.689236 0.005859 0.025694
0 0.462891 0.760069 0.005469 0.045139
0 0.532227 0.886458 0.035547 0.224306
0 0.503711 0.786806 0.005859 0.022222
0 0.460156 0.804167 0.004687 0.022222
0 0.458203 0.815972 0.000000 0.000000
0 0.495703 0.845139 0.005469 0.052778
0 0.446875 0.936458 0.010156 0.125694
0 0.502539 0.944444 0.012109 0.109722
