0 0.509961 0.389236 0.979297 0.715972
0 0.409766 0.079514 0.109375 0.040972
0 0.616211 0.088194 0.013672 0.031944
0 0.544531 0.083333 0.038281 0.016667
0 0.515039 0.091319 0.010547 0.003472
0 0.625195 0.118750 0.040234 0.047222
0 0.275586 0.296875 0.059766 0.021528
0 0.201953 0.325347 0.067187 0.046528
0 0.356836 0.326042 0.010547 0.011806
0 0.157031 0.350694 0.012500 0.018056
0 0.135547 0.357986 0.014844 0.007639
0 0.120508 0.362500 0.012891 0.011111
0 0.073438 0.381250 0.071094 0.026389
0 0.019531 0.421528 0.039062 0.054167
0 0.649609 0.483681 0.014844 0.047917
0 0.611914 0.586806 0.026953 0.090278
0 0.278516 0.819792 0.139063 0.359028
0 0.560547 0.646181 0.000000 0.000694
0 0.509180 0.720139 0.129297 0.145833
0 0.005859 0.738889 0.010156 0.018056
0 0.379492 0.820833 0.115234 0.054167
0 0.237305 0.977431 0.004297 0.042361
