0 0.837891 0.296875 0.257812 0.110417
0 0.980078 0.281944 0.025000 0.063889
0 0.883789 0.275347 0.012109 0.021528
0 0.613672 0.342014 0.023438 0.047917
0 0.666797 0.330903 0.059375 0.021528
0 0.608203 0.320833 0.000000 0.000000
0 0.579492 0.360069 0.031641 0.040972
0 0.508984 0.370486 0.016406 0.025694
0 0.548633 0.363542 0.005859 0.007639
0 0.538867 0.368056 0.004297 0.012500
0 0.528516 0.371528 0.003906 0.005556
0 0.458008 0.392708 0.023047 0.042361
0 0.524023 0.378819 0.005078 0.013194
0 0.482422 0.380208 0.022656 0.014583
0 0.447266 0.408333 0.000000 0.000000
0 0.447656 0.409028 0.000000 0.000000
0 0.430859 0.445486 0.004687 0.021528
0 0.395117 0.493403 0.044922 0.052083
0 0.543555 0.551389 0.030078 0.034722
0 0.503711 0.604167 0.024609 0.030556
0 0.467383 0.636806 0.009766 0.011111
0 0.425977 0.669444 0.058984 0.062500
0 0.462109 0.639583 0.000000 0.000000
0 0.396094 0.701736 0.000000 0.000694
0 0.290039 0.832986 0.109766 0.110417
0 0.218164 0.901389 0.032422 0.037500
0 0.181055 0.914931 0.018359 0.013194
0 0.083594 0.963542 0.049219 0.071528
