0 0.592187 0.052431 0.028906 0.104861
0 0.833984 0.357292 0.043750 0.714583
0 0.236133 0.058681 0.017578 0.115972
0 0.230078 0.028819 0.000000 0.002083
0 0.830078 0.029861 0.000781 0.000000
0 0.230859 0.030556 0.000000 0.000000
0 0.598437 0.129861 0.023438 0.048611
0 0.233594 0.162153 0.015625 0.086806
0 0.597070 0.140278 0.000391 0.000000
0 0.636719 0.570139 0.117188 0.858333
0 0.232813 0.206250 0.000000 0.000000
0 0.231445 0.221181 0.005078 0.028472
0 0.232813 0.233333 0.000000 0.000000
0 0.232422 0.234028 0.000000 0.000000
0 0.232031 0.234722 0.000000 0.000000
0 0.229102 0.280208 0.013672 0.084028
0 0.221094 0.327778 0.000000 0.012500
0 0.224609 0.346181 0.007031 0.021528
0 0.224609 0.356944 0.000000 0.000000
0 0.223828 0.358681 0.000000 0.000694
0 0.219336 0.380556 0.011328 0.036111
0 0.218359 0.366319 0.000000 0.000694
0 0.210352 0.382292 0.012891 0.028472
0 0.209375 0.405556 0.009375 0.016667
0 0.204297 0.415625 0.000000 0.000694
0 0.203906 0.416667 0.000000 0.000000
0 0.203320 0.421181 0.000391 0.003472
0 0.199805 0.440278 0.012109 0.037500
0 0.203906 0.426389 0.000000 0.000000
0 0.204297 0.427778 0.000000 0.000000
0 0.196484 0.459722 0.000000 0.000000
0 0.196094 0.460417 0.000000 0.000000
0 0.196875 0.500347 0.021875 0.078472
0 0.193750 0.493750 0.000000 0.000000
0 0.194141 0.494444 0.000000 0.000000
0 0.195312 0.496528 0.000000 0.000000
0 0.165039 0.579167 0.046484 0.097222
0 0.189062 0.539583 0.000000 0.000000
0 0.164648 0.606597 0.033203 0.072917
0 0.178125 0.573611 0.000000 0.000000
0 0.588867 0.599306 0.001172 0.001389
0 0.141016 0.619097 0.000781 0.000694
0 0.040625 0.659722 0.081250 0.061111
0 0.139648 0.673611 0.014453 0.086111
0 0.080859 0.688194 0.000000 0.000000
0 0.082031 0.689583 0.000781 0.001389
0 0.098437 0.714583 0.030469 0.047222
0 0.825977 0.692708 0.000391 0.002083
0 0.825391 0.695139 0.000000 0.000000
0 0.826953 0.695833 0.000000 0.001389
0 0.827148 0.722222 0.016797 0.048611
0 0.142578 0.750694 0.057031 0.066667
0 0.827734 0.744097 0.001563 0.003472
0 0.825391 0.751042 0.003125 0.007639
0 0.832031 0.770486 0.007031 0.032639
0 0.126367 0.873611 0.141016 0.175000
0 0.170313 0.788542 0.001563 0.002083
0 0.171484 0.790278 0.000000 0.000000
0 0.672656 0.811806 0.000000 0.000000
0 0.172461 0.847917 0.000391 0.000000
0 0.171289 0.849306 0.001172 0.001389
0 0.293164 0.931944 0.151953 0.134722
0 0.202148 0.878125 0.026953 0.021528
0 0.219922 0.877778 0.000000 0.000000
0 0.219141 0.878472 0.000000 0.000000
0 0.190820 0.884028 0.000391 0.000000
0 0.142578 0.940972 0.001563 0.006944
0 0.144141 0.941319 0.000000 0.000694
0 0.134766 0.947917 0.009375 0.011111
0 0.126562 0.967708 0.007031 0.027083
0 0.351172 0.954861 0.000000 0.000000
0 0.063672 0.960069 0.004687 0.007639
0 0.351172 0.956944 0.000000 0.000000
0 0.049414 0.980208 0.021484 0.038194
0 0.059766 0.962500 0.000000 0.000000
0 0.060547 0.962500 0.000000 0.000000
0 0.060937 0.963194 0.000000 0.000000
0 0.114453 0.989931 0.017969 0.018750
0 0.123828 0.982639 0.000000 0.001389
