0 0.215430 0.399306 0.430859 0.106944
0 0.078906 0.368056 0.000000 0.000000
0 0.078320 0.369792 0.000391 0.002083
0 0.430078 0.453472 0.000000 0.000000
0 0.431250 0.456250 0.000000 0.000000
0 0.431641 0.456944 0.000000 0.000000
0 0.658594 0.604861 0.682031 0.293056
0 0.434375 0.468056 0.000000 0.000000
0 0.435547 0.469792 0.001563 0.000694
0 0.529102 0.547222 0.000391 0.001389
0 0.405273 0.604861 0.000391 0.000000
0 0.775391 0.729861 0.000000 0.000000
0 0.776172 0.730556 0.000000 0.000000
0 0.912891 0.846181 0.173437 0.134028
0 0.825781 0.781944 0.000000 0.000000
