0 0.436111 0.041602 0.052778 0.072266
0 0.597222 0.076172 0.065278 0.110937
0 0.465278 0.328516 0.156944 0.485156
0 0.556597 0.152734 0.024306 0.031250
0 0.484722 0.244531 0.000000 0.000000
0 0.485417 0.244922 0.000000 0.000000
0 0.458333 0.501563 0.019444 0.005469
0 0.487153 0.571094 0.009028 0.005469
0 0.498611 0.596094 0.023611 0.048438
0 0.489236 0.638086 0.028472 0.044141
0 0.543056 0.771680 0.070833 0.205859
0 0.535069 0.829883 0.045139 0.033984
0 0.607639 0.938672 0.091667 0.121875
0 0.624306 0.992383 0.012500 0.008984
