0 0.669922 0.059722 0.057813 0.119444
0 0.640625 0.121528 0.000000 0.001389
0 0.639844 0.125347 0.000781 0.003472
0 0.637891 0.142014 0.000781 0.009028
0 0.636914 0.148611 0.000391 0.001389
0 0.635547 0.153125 0.001563 0.004861
0 0.634375 0.156250 0.000000 0.000000
0 0.633594 0.158333 0.000000 0.000000
0 0.633203 0.159028 0.000000 0.000000
0 0.632812 0.159722 0.000000 0.000000
0 0.626758 0.170139 0.009766 0.018056
0 0.621484 0.180556 0.000000 0.000000
0 0.614453 0.192014 0.013281 0.021528
0 0.610352 0.219097 0.020703 0.029861
0 0.600000 0.239583 0.000000 0.001389
0 0.600391 0.242014 0.000000 0.002083
0 0.324805 0.342708 0.549609 0.202083
0 0.234766 0.294444 0.000000 0.000000
0 0.024219 0.406944 0.048438 0.072222
0 0.373437 0.701736 0.441406 0.081250
0 0.716016 0.755556 0.242188 0.077778
0 0.595703 0.746528 0.000000 0.000000
0 0.712695 0.752778 0.000391 0.000000
0 0.711914 0.753472 0.000391 0.000000
0 0.821484 0.784722 0.000781 0.000000
0 0.822852 0.785764 0.000391 0.000694
0 0.846094 0.810069 0.017188 0.029861
