0 0.187305 0.106250 0.010547 0.204167
0 0.713672 0.217361 0.114844 0.425000
0 0.391797 0.123264 0.077344 0.214583
0 0.300195 0.303125 0.600391 0.239583
0 0.001953 0.188194 0.000000 0.000000
0 0.192969 0.207639 0.000000 0.000000
0 0.193555 0.209375 0.000391 0.002083
0 0.194141 0.209028 0.000000 0.000000
0 0.194531 0.209722 0.000000 0.000000
0 0.432617 0.235417 0.003516 0.008333
0 0.437500 0.261111 0.005469 0.041667
0 0.281250 0.277431 0.000781 0.002083
0 0.272656 0.364583 0.017188 0.169444
0 0.441016 0.283681 0.000000 0.000694
0 0.494141 0.313542 0.000000 0.002083
0 0.494531 0.315278 0.000000 0.000000
0 0.495312 0.316667 0.000000 0.000000
0 0.577344 0.396528 0.000000 0.000000
0 0.598437 0.414583 0.000781 0.001389
0 0.616992 0.437847 0.034766 0.043750
0 0.245703 0.424306 0.000000 0.000000
0 0.246094 0.425000 0.000000 0.000000
0 0.246484 0.426736 0.000000 0.000694
0 0.246875 0.428819 0.000000 0.000694
0 0.655859 0.431250 0.000000 0.000000
0 0.651953 0.440278 0.007031 0.016667
0 0.248242 0.433681 0.000391 0.000694
0 0.249219 0.435764 0.000000 0.000694
0 0.257422 0.456944 0.015625 0.040278
0 0.646094 0.451736 0.003906 0.004861
0 0.267578 0.453472 0.000781 0.005556
0 0.269727 0.455208 0.004297 0.004861
0 0.647656 0.453472 0.000781 0.001389
0 0.643359 0.454861 0.000000 0.000000
0 0.642383 0.456597 0.001172 0.002083
0 0.266797 0.457639 0.000000 0.000000
0 0.694141 0.728819 0.349219 0.540972
0 0.277930 0.514583 0.030078 0.077778
0 0.317578 0.705556 0.047656 0.298611
0 0.619922 0.622222 0.007812 0.006944
0 0.874023 0.701042 0.009766 0.013194
0 0.879297 0.708333 0.000000 0.000000
0 0.880078 0.709028 0.000000 0.000000
0 0.939063 0.850347 0.117188 0.281250
0 0.519141 0.768750 0.000000 0.000000
0 0.464648 0.884722 0.106641 0.229167
0 0.992578 0.790278 0.003125 0.005556
0 0.989062 0.803472 0.004687 0.016667
0 0.351953 0.873264 0.164844 0.070139
0 0.268555 0.897222 0.000391 0.000000
0 0.202344 0.948611 0.129688 0.101389
0 0.229297 0.933333 0.000000 0.000000
0 0.228125 0.934028 0.000000 0.000000
0 0.227148 0.934722 0.000391 0.000000
0 0.226172 0.935417 0.000000 0.000000
0 0.225000 0.936111 0.000000 0.000000
0 0.223242 0.937500 0.002734 0.001389
0 0.220703 0.938889 0.000000 0.000000
0 0.219727 0.939583 0.000391 0.000000
