0 0.224023 0.010417 0.069141 0.019444
0 0.416016 0.031597 0.078906 0.031250
0 0.455859 0.044444 0.001563 0.000000
0 0.506836 0.091319 0.098047 0.092361
0 0.369336 0.429167 0.738672 0.147222
0 0.809766 0.501389 0.000000 0.000000
0 0.810156 0.502083 0.000000 0.000000
0 0.810937 0.502778 0.000000 0.000000
0 0.811328 0.503472 0.000000 0.000000
0 0.811719 0.504167 0.000000 0.000000
0 0.829492 0.536458 0.034766 0.063194
0 0.891797 0.629167 0.000000 0.000000
0 0.893359 0.630556 0.000000 0.000000
0 0.894141 0.631250 0.000000 0.000000
0 0.896094 0.633333 0.003125 0.002778
0 0.898438 0.635417 0.000000 0.000000
0 0.900000 0.636806 0.000000 0.000000
0 0.900977 0.637847 0.001172 0.000694
0 0.902148 0.638889 0.000391 0.000000
0 0.930469 0.661806 0.055469 0.044444
0 0.557227 0.778125 0.412891 0.261806
0 0.818555 0.661458 0.071484 0.024306
0 0.165820 0.843056 0.331641 0.170833
0 0.350000 0.910069 0.000781 0.000694
