0 0.461914 0.621181 0.923828 0.754861
0 0.997461 0.243750 0.000391 0.000000
0 0.906641 0.332639 0.185938 0.177778
0 0.995703 0.244444 0.000000 0.000000
0 0.780664 0.400347 0.055859 0.152083
0 0.847070 0.550694 0.113672 0.279167
0 0.797461 0.415625 0.000391 0.000694
0 0.796875 0.417014 0.000000 0.000694
0 0.309180 0.496875 0.001953 0.000694
0 0.307617 0.497917 0.000391 0.000000
0 0.818750 0.550000 0.000000 0.000000
0 0.577734 0.567708 0.000000 0.000694
0 0.741406 0.683333 0.000000 0.000000
0 0.515039 0.713889 0.020703 0.012500
0 0.469922 0.714583 0.000781 0.000000
0 0.508594 0.716667 0.000000 0.000000
0 0.916797 0.770139 0.026562 0.020833
0 0.905078 0.781250 0.000000 0.000000
0 0.930664 0.981250 0.020703 0.033333
