0 0.499609 0.564236 0.998437 0.507639
0 0.589258 0.388889 0.001953 0.001389
0 0.699609 0.446528 0.000000 0.000000
0 0.916016 0.543750 0.167187 0.051389
0 0.158984 0.518750 0.000000 0.000000
0 0.823633 0.541319 0.015234 0.032639
0 0.673047 0.663542 0.410156 0.222917
0 0.339062 0.694444 0.073438 0.058333
0 0.714844 0.695139 0.034375 0.018056
0 0.115039 0.697222 0.000391 0.000000
0 0.420508 0.724653 0.094141 0.049306
0 0.488281 0.811458 0.065625 0.074306
0 0.536719 0.784028 0.000000 0.000000
0 0.536328 0.784722 0.000000 0.000000
0 0.530664 0.799306 0.018359 0.027778
0 0.535156 0.786806 0.000000 0.000000
0 0.455078 0.849306 0.000000 0.000000
0 0.454688 0.850694 0.000000 0.000000
0 0.453516 0.854861 0.000000 0.000000
0 0.453125 0.855903 0.000000 0.000694
