0 0.500000 0.443403 0.999219 0.886806
0 0.697656 0.185417 0.161719 0.370833
0 0.379688 0.044444 0.000000 0.000000
0 0.380273 0.045833 0.000391 0.001389
0 0.380859 0.047917 0.000000 0.000000
0 0.381641 0.049306 0.000000 0.000000
0 0.390625 0.082986 0.022656 0.064583
0 0.378906 0.067014 0.000000 0.000694
0 0.379297 0.068056 0.000000 0.000000
0 0.377344 0.071181 0.000000 0.002083
0 0.380859 0.073611 0.000781 0.002778
0 0.402344 0.116319 0.000000 0.000694
0 0.481445 0.190278 0.158203 0.145833
0 0.598047 0.168056 0.070312 0.044444
0 0.191797 0.153125 0.006250 0.006250
0 0.561914 0.153472 0.001172 0.001389
0 0.560937 0.154167 0.000000 0.000000
0 0.604102 0.189236 0.000391 0.000694
0 0.290625 0.218056 0.000000 0.000000
0 0.291406 0.218750 0.000000 0.000000
0 0.129492 0.261111 0.001172 0.012500
0 0.424805 0.263889 0.000391 0.000000
0 0.419141 0.335764 0.011719 0.139583
0 0.018359 0.314583 0.000781 0.002778
0 0.619141 0.374653 0.000000 0.006250
0 0.611719 0.417708 0.014844 0.064583
0 0.616797 0.388889 0.000781 0.004167
0 0.616016 0.391667 0.000000 0.000000
0 0.412891 0.406597 0.000000 0.000694
0 0.412500 0.407639 0.000000 0.000000
0 0.412109 0.408333 0.000000 0.000000
0 0.411328 0.409028 0.000000 0.000000
0 0.119141 0.433681 0.000781 0.010417
0 0.946484 0.439583 0.000781 0.006944
0 0.609375 0.453819 0.000781 0.006250
0 0.604688 0.454861 0.000000 0.000000
0 0.605078 0.456944 0.000000 0.000000
0 0.605469 0.458681 0.000000 0.000694
0 0.612305 0.477431 0.012891 0.038194
0 0.605859 0.459722 0.000000 0.000000
0 0.606250 0.460417 0.000000 0.000000
0 0.384180 0.486458 0.001953 0.000694
0 0.614062 0.498264 0.000781 0.000694
0 0.615039 0.499306 0.000391 0.000000
0 0.066016 0.617014 0.132031 0.222917
0 0.707227 0.527778 0.003516 0.001389
0 0.514258 0.667014 0.025391 0.117361
0 0.006250 0.668056 0.000000 0.000000
0 0.169922 0.669444 0.001563 0.001389
0 0.501953 0.730556 0.001563 0.001389
0 0.476953 0.776042 0.055469 0.084028
0 0.464844 0.772917 0.004687 0.002778
0 0.460547 0.776389 0.003125 0.002778
0 0.458203 0.778472 0.000000 0.000000
0 0.457422 0.779861 0.000781 0.001389
0 0.451367 0.784722 0.008984 0.006944
0 0.373047 0.884028 0.146875 0.197222
0 0.451953 0.790972 0.000000 0.002778
0 0.918359 0.843056 0.162500 0.058333
0 0.232031 0.889236 0.000000 0.002083
0 0.225781 0.928125 0.073438 0.072917
0 0.178125 0.913194 0.007031 0.006944
0 0.186328 0.910417 0.003906 0.001389
0 0.140234 0.924306 0.027344 0.012500
0 0.164844 0.920486 0.016406 0.004861
0 0.108594 0.928125 0.016406 0.009028
0 0.122266 0.927778 0.007031 0.004167
0 0.087305 0.929861 0.015234 0.005556
0 0.026953 0.939931 0.053125 0.017361
0 0.078906 0.932639 0.000000 0.000000
0 0.078516 0.933681 0.000000 0.000694
0 0.076758 0.936111 0.001172 0.001389
0 0.075781 0.937500 0.000000 0.000000
0 0.075000 0.938194 0.000000 0.000000
0 0.074609 0.938889 0.000000 0.000000
0 0.000000 0.940278 0.000000 0.000000
0 0.071680 0.942014 0.001953 0.000694
0 0.069922 0.943056 0.000781 0.000000
0 0.066797 0.944444 0.002344 0.001389
0 0.054883 0.945833 0.000391 0.000000
0 0.063867 0.945833 0.001172 0.000000
0 0.055469 0.946528 0.000000 0.000000
0 0.062695 0.946528 0.000391 0.000000
0 0.261914 0.967361 0.001172 0.002778
0 0.260547 0.972222 0.003125 0.005556
0 0.262695 0.981250 0.000391 0.005556
0 0.265234 0.984375 0.000781 0.003472
0 0.298633 0.984375 0.001172 0.002083
0 0.297656 0.986806 0.000000 0.000000
0 0.262500 0.992361 0.003906 0.009722
0 0.295508 0.992361 0.003516 0.009722
0 0.263086 0.997917 0.000391 0.000000
