0 0.475781 0.361111 0.004687 0.002778
0 0.477344 0.359722 0.000000 0.000000
0 0.478125 0.359722 0.000000 0.000000
0 0.481055 0.360417 0.000391 0.001389
0 0.482031 0.359722 0.000000 0.000000
0 0.478516 0.360417 0.000000 0.000000
0 0.479297 0.361111 0.000000 0.000000
0 0.483203 0.361111 0.000000 0.000000
0 0.483984 0.361806 0.000000 0.000000
0 0.486328 0.363194 0.002344 0.002778
0 0.624023 0.462500 0.419141 0.198611
0 0.487500 0.363194 0.000000 0.000000
0 0.485156 0.363889 0.000000 0.000000
0 0.487891 0.363889 0.000000 0.000000
0 0.406641 0.381944 0.013281 0.006944
0 0.277344 0.409375 0.230469 0.046528
0 0.397266 0.387500 0.003906 0.002778
0 0.150977 0.418403 0.004297 0.006250
0 0.156836 0.420833 0.005859 0.001389
0 0.304883 0.430556 0.005078 0.012500
0 0.308008 0.427778 0.001172 0.002778
0 0.307422 0.429861 0.000000 0.000000
0 0.308398 0.429861 0.000391 0.000000
0 0.307031 0.431597 0.001563 0.002083
0 0.307812 0.430556 0.000000 0.000000
0 0.292969 0.436111 0.008594 0.008333
0 0.308594 0.432292 0.000000 0.000694
0 0.305469 0.432639 0.000000 0.000000
0 0.305859 0.434028 0.000781 0.001389
0 0.307031 0.433333 0.000000 0.000000
0 0.307812 0.433333 0.000000 0.000000
0 0.287891 0.434375 0.000781 0.000694
0 0.308594 0.434028 0.000000 0.000000
0 0.303906 0.434722 0.000000 0.000000
0 0.303516 0.435417 0.000000 0.000000
0 0.303906 0.437847 0.003906 0.004861
0 0.305859 0.435417 0.000000 0.000000
0 0.307617 0.437153 0.001953 0.002083
0 0.306641 0.436806 0.000000 0.000000
0 0.301172 0.437500 0.000000 0.000000
0 0.301953 0.437500 0.000000 0.000000
0 0.306250 0.437500 0.000000 0.000000
0 0.300781 0.438194 0.000000 0.000000
0 0.303320 0.438194 0.000391 0.000000
0 0.298633 0.439931 0.001953 0.000694
0 0.300586 0.439931 0.001172 0.000694
0 0.301563 0.440278 0.000000 0.000000
0 0.152148 0.547917 0.070703 0.023611
0 0.801367 0.539236 0.002734 0.004861
0 0.804883 0.543056 0.002734 0.002778
0 0.801562 0.542361 0.000000 0.000000
0 0.802734 0.542361 0.000000 0.000000
0 0.807031 0.542361 0.000000 0.000000
0 0.801953 0.543056 0.000000 0.000000
0 0.803516 0.543056 0.000000 0.000000
0 0.806641 0.543750 0.000000 0.000000
0 0.807422 0.543750 0.000000 0.000000
0 0.807422 0.544792 0.000781 0.000694
0 0.808984 0.545139 0.000000 0.000000
0 0.191406 0.551042 0.003906 0.003472
0 0.115039 0.559722 0.000391 0.000000
0 0.096875 0.563889 0.025781 0.006944
0 0.113672 0.561111 0.001563 0.001389
0 0.913086 0.601042 0.173047 0.077083
0 0.081836 0.565278 0.002734 0.001389
0 0.072266 0.577431 0.039062 0.021528
0 0.084180 0.567014 0.000391 0.000694
0 0.002930 0.579514 0.002734 0.006250
0 0.006641 0.582639 0.000000 0.000000
0 0.006641 0.597222 0.012500 0.027778
0 0.043555 0.598264 0.015234 0.021528
0 0.022070 0.606597 0.021484 0.020139
0 0.815625 0.624653 0.001563 0.002083
0 0.817187 0.626736 0.004687 0.006250
0 0.820508 0.623958 0.001172 0.000694
0 0.821875 0.623611 0.000000 0.000000
0 0.822852 0.623958 0.001172 0.000694
0 0.825586 0.625000 0.001172 0.002778
0 0.826953 0.623611 0.000000 0.000000
0 0.828125 0.624653 0.000781 0.002083
0 0.829492 0.625694 0.001953 0.004167
0 0.821484 0.625000 0.000781 0.001389
0 0.823828 0.624306 0.000000 0.000000
0 0.824609 0.624306 0.000000 0.000000
0 0.827344 0.624306 0.000000 0.000000
0 0.823047 0.625694 0.000781 0.001389
0 0.826758 0.625000 0.000391 0.000000
0 0.819727 0.626042 0.001172 0.000694
0 0.824219 0.625694 0.000000 0.000000
0 0.826172 0.625694 0.000000 0.000000
0 0.814844 0.626389 0.000000 0.000000
0 0.826758 0.627431 0.000391 0.000694
0 0.816992 0.627778 0.000391 0.000000
0 0.818164 0.627778 0.000391 0.000000
0 0.820117 0.627778 0.000391 0.000000
0 0.816211 0.629167 0.000391 0.001389
0 0.818945 0.628472 0.000391 0.000000
0 0.828125 0.628472 0.000000 0.000000
0 0.817578 0.629167 0.000000 0.000000
0 0.824414 0.631597 0.001953 0.004861
0 0.816797 0.629861 0.000000 0.000000
0 0.814844 0.630556 0.000000 0.000000
0 0.815625 0.630556 0.000000 0.000000
0 0.823047 0.631250 0.000000 0.000000
0 0.826953 0.631250 0.000000 0.000000
0 0.822266 0.632639 0.000781 0.001389
0 0.826562 0.631944 0.000000 0.000000
0 0.826172 0.632639 0.000000 0.000000
0 0.821484 0.633681 0.000781 0.000694
0 0.825391 0.633681 0.000781 0.000694
0 0.980664 0.699653 0.032422 0.090972
