0 0.379297 0.018056 0.015625 0.036111
0 0.981836 0.102431 0.035547 0.204861
0 0.725781 0.005208 0.000000 0.000694
0 0.725000 0.007986 0.000781 0.003472
0 0.746484 0.076389 0.042188 0.140278
0 0.725195 0.012500 0.000391 0.002778
0 0.386719 0.047917 0.005469 0.016667
0 0.374609 0.085764 0.017969 0.056250
0 0.377344 0.129861 0.013281 0.031944
0 0.766797 0.146528 0.000000 0.000000
0 0.884961 0.206597 0.191797 0.120139
0 0.374023 0.572569 0.126953 0.850694
0 0.773242 0.171181 0.012109 0.047917
0 0.789844 0.183333 0.000000 0.000000
0 0.718164 0.342361 0.142578 0.316667
0 0.998242 0.219792 0.002734 0.018750
0 0.905469 0.219444 0.000000 0.000000
0 0.990625 0.244097 0.017969 0.028472
0 0.970898 0.263889 0.000391 0.000000
0 0.472070 0.384375 0.067578 0.038194
0 0.389648 0.372917 0.002734 0.002778
0 0.584375 0.395486 0.060937 0.043750
0 0.514453 0.390625 0.015625 0.010417
0 0.537891 0.400347 0.032031 0.011806
0 0.553516 0.401389 0.000000 0.000000
0 0.615430 0.411806 0.000391 0.000000
0 0.616016 0.412500 0.000000 0.000000
0 0.631250 0.434722 0.029687 0.043056
0 0.264648 0.463194 0.093359 0.062500
0 0.130078 0.453125 0.092188 0.035417
0 0.197852 0.455903 0.045703 0.020139
0 0.187109 0.452083 0.000000 0.000000
0 0.047266 0.477431 0.073438 0.047917
0 0.233008 0.458333 0.000391 0.000000
0 0.221289 0.463194 0.000391 0.000000
0 0.199609 0.466667 0.000000 0.000000
0 0.278516 0.484722 0.000000 0.000000
0 0.278906 0.485417 0.000000 0.000000
0 0.379102 0.491667 0.000391 0.000000
0 0.014063 0.495833 0.000000 0.000000
0 0.669727 0.501389 0.004297 0.005556
0 0.680273 0.504167 0.002734 0.005556
0 0.739062 0.659375 0.201563 0.303472
0 0.665625 0.621528 0.000000 0.000000
0 0.665234 0.622222 0.000000 0.000000
0 0.919531 0.677431 0.160156 0.107639
0 0.676367 0.651042 0.001172 0.002083
0 0.397461 0.678472 0.001953 0.002778
0 0.792188 0.733333 0.000000 0.000000
0 0.715820 0.738194 0.001172 0.000000
0 0.383203 0.787500 0.000000 0.000000
0 0.383594 0.788542 0.000000 0.000694
0 0.665039 0.810069 0.000391 0.002083
0 0.666797 0.811806 0.000000 0.000000
0 0.674805 0.905903 0.030078 0.186806
0 0.390625 0.818056 0.000000 0.000000
0 0.393750 0.972222 0.000000 0.000000
