0 0.142969 0.094444 0.285938 0.170833
0 0.345703 0.105903 0.117969 0.170139
0 0.333594 0.031597 0.010937 0.018750
0 0.381250 0.104861 0.000000 0.000000
0 0.381641 0.105556 0.000000 0.000000
0 0.021094 0.124306 0.000000 0.000000
0 0.020703 0.125000 0.000000 0.000000
0 0.018945 0.125694 0.001172 0.000000
0 0.017773 0.126389 0.000391 0.000000
0 0.438281 0.272569 0.066406 0.197917
0 0.405078 0.180208 0.000000 0.000694
0 0.406250 0.181250 0.000000 0.000000
0 0.467383 0.350694 0.000391 0.000000
0 0.466016 0.352778 0.000000 0.000000
0 0.459766 0.356944 0.000000 0.000000
0 0.471484 0.366667 0.000000 0.002778
0 0.473633 0.391667 0.011328 0.045833
0 0.730273 0.526042 0.538672 0.247917
0 0.476172 0.415625 0.000000 0.000694
0 0.421094 0.486111 0.062500 0.065278
0 0.462109 0.486806 0.000000 0.000000
0 0.507422 0.487500 0.000000 0.000000
0 0.507812 0.489236 0.000000 0.000694
0 0.460547 0.497222 0.000000 0.000000
0 0.466797 0.497917 0.000000 0.000000
0 0.366016 0.525000 0.055469 0.044444
0 0.568359 0.527778 0.000000 0.000000
0 0.330273 0.540625 0.016016 0.011806
0 0.321875 0.538194 0.000000 0.000000
0 0.212305 0.692361 0.218359 0.306944
0 0.338672 0.548264 0.000000 0.002083
0 0.316016 0.551389 0.000000 0.000000
0 0.725977 0.601736 0.000391 0.000694
0 0.741406 0.611806 0.000781 0.002778
0 0.800391 0.627083 0.000000 0.000000
0 0.176953 0.670139 0.000000 0.000000
0 0.101562 0.842361 0.000000 0.000000
0 0.100586 0.845833 0.008203 0.005556
0 0.096094 0.849306 0.000000 0.000000
0 0.102344 0.849306 0.000000 0.000000
0 0.089453 0.872569 0.036719 0.042361
0 0.055859 0.946875 0.039062 0.104861
0 0.057031 0.929167 0.000000 0.000000
0 0.056641 0.929861 0.000000 0.000000
0 0.056445 0.932986 0.001172 0.002083
0 0.036914 0.985764 0.000391 0.000694
