0 0.300000 0.436806 0.600000 0.243056
0 0.277344 0.370833 0.000000 0.000000
0 0.276953 0.371528 0.000000 0.000000
0 0.687500 0.434028 0.176563 0.113889
0 0.003125 0.463194 0.000000 0.000000
0 0.766602 0.515625 0.147266 0.097917
0 0.704297 0.474306 0.000000 0.000000
0 0.774609 0.478472 0.001563 0.001389
0 0.827930 0.482639 0.001172 0.000000
0 0.780664 0.514931 0.000391 0.000694
0 0.784766 0.520833 0.000000 0.000000
0 0.785156 0.521528 0.000000 0.000000
0 0.785547 0.522222 0.000000 0.000000
0 0.853711 0.528472 0.001953 0.004167
0 0.851562 0.528472 0.000000 0.000000
0 0.920312 0.582292 0.158594 0.106250
0 0.063672 0.540972 0.000000 0.000000
