0 0.280859 0.158681 0.059375 0.317361
0 0.654297 0.499653 0.453906 0.999306
0 0.468164 0.340972 0.333203 0.680556
0 0.679297 0.165625 0.085156 0.022917
0 0.250195 0.322569 0.000391 0.003472
0 0.249219 0.331250 0.000781 0.001389
0 0.248242 0.332986 0.000391 0.000694
0 0.247461 0.334722 0.000391 0.001389
0 0.246875 0.336111 0.000000 0.000000
0 0.246289 0.338194 0.000391 0.002778
0 0.238672 0.355208 0.011719 0.024306
0 0.231055 0.369097 0.000391 0.000694
0 0.230273 0.370486 0.000391 0.000694
0 0.135352 0.684028 0.201172 0.625000
0 0.217969 0.387847 0.001563 0.006250
0 0.480664 0.465625 0.009766 0.011806
0 0.509375 0.621875 0.021875 0.153472
0 0.627344 0.691319 0.001563 0.017361
0 0.883594 0.815972 0.002344 0.001389
0 0.890430 0.817708 0.004297 0.000694
0 0.866992 0.819097 0.000391 0.000694
0 0.894141 0.819444 0.000000 0.000000
0 0.894922 0.820833 0.000781 0.001389
0 0.896484 0.822917 0.001563 0.001389
0 0.913281 0.834028 0.031250 0.019444
0 0.327344 0.873611 0.182031 0.079167
0 0.966211 0.886458 0.064453 0.084028
0 0.424219 0.892361 0.004687 0.004167
0 0.061719 0.902778 0.007812 0.004167
0 0.033984 0.916319 0.000000 0.000694
0 0.033594 0.918056 0.000000 0.001389
0 0.033789 0.920139 0.000391 0.000000
