0 0.156445 0.421181 0.111328 0.842361
0 0.457813 0.499653 0.516406 0.999306
0 0.738672 0.000000 0.000000 0.000000
0 0.652148 0.499653 0.341016 0.999306
0 0.737305 0.011806 0.002734 0.001389
0 0.115820 0.153819 0.000391 0.002083
0 0.483984 0.316319 0.000000 0.000694
0 0.483594 0.321528 0.000000 0.002778
0 0.766602 0.433333 0.000391 0.000000
0 0.765625 0.434028 0.000000 0.000000
0 0.492969 0.571528 0.000000 0.001389
0 0.492383 0.576389 0.000391 0.006944
0 0.149805 0.621875 0.000391 0.000694
0 0.765039 0.661111 0.000391 0.001389
0 0.479883 0.685069 0.001953 0.000694
0 0.698438 0.836111 0.000000 0.000000
0 0.674609 0.963889 0.000000 0.000000
