0 0.608008 0.500694 0.777734 0.997222
0 0.858398 0.052778 0.029297 0.101389
0 0.734766 0.010417 0.004687 0.006944
0 0.737500 0.011806 0.000000 0.000000
0 0.738672 0.013194 0.000000 0.000000
0 0.734375 0.014583 0.000000 0.000000
0 0.734375 0.024306 0.000000 0.000000
0 0.635938 0.388194 0.000000 0.000000
0 0.447266 0.409028 0.000000 0.000000
0 0.757031 0.509722 0.000000 0.000000
0 0.759766 0.514236 0.000781 0.000694
0 0.224219 0.597917 0.000000 0.000000
0 0.238477 0.684722 0.473047 0.168056
0 0.329297 0.711111 0.000000 0.000000
0 0.819922 0.720833 0.000000 0.000000
0 0.819531 0.721528 0.000000 0.000000
0 0.819141 0.722222 0.000000 0.000000
0 0.818750 0.722917 0.000000 0.000000
