0 0.483203 0.252083 0.116406 0.490278
0 0.576172 0.470139 0.006250 0.026389
0 0.579688 0.484375 0.000000 0.000694
0 0.580469 0.485764 0.000000 0.000694
0 0.582227 0.487847 0.000391 0.000694
0 0.498828 0.744097 0.997656 0.510417
0 0.526367 0.498611 0.000391 0.000000
0 0.527539 0.501736 0.000391 0.000694
0 0.736133 0.729167 0.033203 0.147222
0 0.022852 0.697569 0.043359 0.043750
0 0.414648 0.696875 0.000391 0.000694
0 0.412891 0.698264 0.001563 0.000694
0 0.001563 0.700347 0.000781 0.000694
0 0.409375 0.702083 0.003125 0.004167
