0 0.434028 0.273047 0.241667 0.546094
0 0.368750 0.772070 0.326389 0.454297
0 0.525694 0.545703 0.000000 0.000000
0 0.525000 0.546094 0.000000 0.000000
0 0.523958 0.546484 0.000694 0.000000
0 0.518750 0.807227 0.054167 0.037109
0 0.499653 0.798633 0.006250 0.000391
0 0.368750 0.831055 0.000000 0.000391
0 0.368056 0.832422 0.000000 0.000781
0 0.367014 0.833984 0.000694 0.001563
0 0.365972 0.835547 0.000000 0.000000
0 0.391667 0.841797 0.000000 0.000000
0 0.389931 0.843750 0.000694 0.000781
0 0.388542 0.844922 0.000694 0.000781
0 0.247222 0.933984 0.000000 0.000000
