0 0.419531 0.431597 0.143750 0.096528
0 0.387891 0.420139 0.000000 0.000000
0 0.387109 0.420833 0.000000 0.000000
0 0.235742 0.441667 0.016016 0.022222
0 0.227344 0.432639 0.000000 0.000000
0 0.746289 0.546875 0.506641 0.167361
0 0.267969 0.495486 0.102344 0.060417
0 0.274805 0.484722 0.018359 0.030556
0 0.110937 0.583681 0.214844 0.053472
0 0.803906 0.563889 0.000000 0.000000
0 0.245117 0.581944 0.054297 0.034722
0 0.272656 0.565278 0.000000 0.000000
0 0.725000 0.584375 0.028906 0.018750
0 0.680859 0.618056 0.000000 0.000000
0 0.681250 0.619444 0.000000 0.000000
