0 0.608789 0.301736 0.780078 0.232639
0 0.989453 0.211806 0.000000 0.000000
0 0.108594 0.268056 0.217188 0.086111
0 0.114453 0.257639 0.000000 0.000000
0 0.007227 0.282639 0.000391 0.000000
0 0.410742 0.291667 0.000391 0.000000
0 0.411328 0.292361 0.000000 0.000000
0 0.412305 0.293056 0.000391 0.000000
0 0.737109 0.331944 0.000000 0.000000
0 0.302344 0.548958 0.602344 0.392361
0 0.250781 0.363194 0.000000 0.000000
0 0.191406 0.387500 0.000000 0.000000
0 0.190625 0.389583 0.000000 0.000000
0 0.174609 0.433333 0.000000 0.000000
0 0.175000 0.435069 0.000000 0.000694
0 0.161328 0.447917 0.000781 0.001389
0 0.160156 0.450000 0.000000 0.000000
0 0.065625 0.544792 0.000000 0.000694
0 0.686523 0.872222 0.170703 0.251389
0 0.939258 0.922222 0.119922 0.152778
0 0.669727 0.869097 0.001953 0.003472
0 0.671094 0.871528 0.000000 0.000000
0 0.671484 0.872222 0.000000 0.000000
0 0.671875 0.872917 0.000000 0.000000
0 0.672266 0.873611 0.000000 0.000000
0 0.822461 0.980208 0.096484 0.038194
