0 0.501758 0.060764 0.013672 0.121528
0 0.500781 0.139931 0.007031 0.035417
0 0.502539 0.211806 0.005078 0.066667
0 0.502148 0.263889 0.003516 0.034722
0 0.502344 0.287847 0.000000 0.000694
0 0.501172 0.355208 0.010937 0.118750
0 0.466016 0.478125 0.005469 0.027083
0 0.450195 0.525694 0.014453 0.054167
0 0.449219 0.554861 0.000000 0.001389
0 0.448828 0.556250 0.000000 0.000000
0 0.448437 0.557639 0.000000 0.000000
0 0.448047 0.558333 0.000000 0.000000
0 0.479102 0.780208 0.047266 0.438194
0 0.404492 0.704861 0.013672 0.115278
