0 0.939844 0.007292 0.021875 0.014583
0 0.928125 0.015278 0.000000 0.000000
0 0.915234 0.180556 0.000000 0.000000
0 0.888281 0.220833 0.052344 0.079167
0 0.712109 0.335417 0.232813 0.158333
0 0.426367 0.319792 0.029297 0.018750
0 0.460742 0.325347 0.038672 0.011806
0 0.539062 0.368056 0.110156 0.070833
0 0.630469 0.352431 0.052344 0.021528
0 0.961719 0.467014 0.075781 0.061806
0 0.593555 0.597917 0.812109 0.204167
0 0.523438 0.593750 0.000000 0.000000
0 0.523047 0.594444 0.000000 0.000000
0 0.819531 0.858333 0.001563 0.002778
0 0.858203 0.929861 0.141406 0.138889
