0 0.036523 0.210417 0.072266 0.034722
0 0.210742 0.331250 0.420703 0.202778
0 0.010547 0.231250 0.000000 0.001389
0 0.117383 0.359722 0.000391 0.000000
0 0.509375 0.597569 0.629687 0.335417
0 0.194141 0.435417 0.000000 0.000000
0 0.514453 0.582986 0.002344 0.000694
0 0.511914 0.584028 0.000391 0.000000
0 0.516992 0.584028 0.000391 0.000000
0 0.510938 0.584722 0.000000 0.000000
0 0.517578 0.584722 0.000000 0.000000
0 0.510547 0.585417 0.000000 0.000000
0 0.517969 0.585417 0.000000 0.000000
0 0.509961 0.586111 0.000391 0.000000
0 0.519141 0.587153 0.001563 0.002083
0 0.525781 0.594444 0.000000 0.000000
0 0.730469 0.709028 0.000000 0.000000
0 0.843164 0.914931 0.312891 0.135417
0 0.645508 0.903125 0.209766 0.064583
0 0.691016 0.888889 0.000000 0.000000
0 0.733984 0.900000 0.000000 0.000000
0 0.704688 0.925694 0.000000 0.000000
