0 0.924805 0.295833 0.149609 0.130556
0 0.090234 0.382986 0.180469 0.092361
0 0.818750 0.425694 0.075781 0.062500
0 0.209570 0.432639 0.056641 0.018056
0 0.180859 0.429861 0.000000 0.000000
0 0.250781 0.443056 0.024219 0.026389
0 0.689063 0.475347 0.182812 0.070139
0 0.288672 0.465972 0.000000 0.000000
0 0.309766 0.474306 0.041406 0.016667
0 0.361133 0.496181 0.027734 0.027083
0 0.434766 0.539931 0.089063 0.065972
0 0.597070 0.511111 0.000391 0.000000
0 0.596094 0.511806 0.000000 0.000000
0 0.595117 0.512500 0.000391 0.000000
0 0.577930 0.546875 0.031641 0.032639
0 0.513672 0.556597 0.053125 0.013194
