0 0.464931 0.172852 0.072917 0.344141
0 0.494444 0.357812 0.022222 0.036719
0 0.502431 0.396484 0.024306 0.053906
0 0.484722 0.448242 0.020833 0.042578
0 0.459722 0.491602 0.027778 0.044922
0 0.439583 0.569727 0.033333 0.108203
0 0.455208 0.659766 0.029861 0.063281
0 0.487847 0.710156 0.024306 0.024219
0 0.472222 0.711719 0.000000 0.000000
0 0.460417 0.728516 0.022222 0.032813
0 0.488542 0.764062 0.038194 0.094531
0 0.446181 0.806250 0.013194 0.022656
0 0.439931 0.887305 0.064583 0.083203
0 0.429167 0.930859 0.000000 0.000000
0 0.450347 0.965234 0.049306 0.067969
