0 0.339258 0.143750 0.083984 0.287500
0 0.523438 0.209028 0.270313 0.418056
0 0.041406 0.008333 0.003125 0.002778
0 0.049414 0.051736 0.016797 0.081250
0 0.528125 0.042014 0.000000 0.003472
0 0.528516 0.045139 0.000000 0.000000
0 0.528906 0.048264 0.000000 0.004861
0 0.047852 0.094792 0.000391 0.002083
0 0.280859 0.546875 0.466406 0.899306
0 0.539062 0.113194 0.000781 0.008333
0 0.830859 0.332986 0.337500 0.271528
0 0.384570 0.236111 0.004297 0.001389
0 0.659570 0.244444 0.001172 0.002778
0 0.660937 0.246528 0.000000 0.000000
0 0.661523 0.247917 0.000391 0.001389
0 0.462109 0.305208 0.021094 0.078472
0 0.648438 0.327431 0.064062 0.115972
0 0.446484 0.270139 0.000000 0.000000
0 0.683789 0.275000 0.005078 0.006944
0 0.543359 0.559375 0.147656 0.428472
0 0.623047 0.373611 0.000000 0.000000
0 0.622070 0.375347 0.001172 0.002083
0 0.621094 0.377083 0.000000 0.000000
0 0.619531 0.381250 0.000000 0.000000
0 0.618359 0.385069 0.001563 0.004861
0 0.093164 0.705208 0.016797 0.096528
0 0.095312 0.723611 0.001563 0.004167
0 0.997461 0.727083 0.000391 0.001389
0 0.994531 0.734028 0.006250 0.011111
0 0.998437 0.728819 0.000781 0.000694
0 0.990234 0.735417 0.006250 0.009722
0 0.990625 0.740625 0.000000 0.000694
0 0.986719 0.740972 0.000000 0.000000
0 0.798047 0.870486 0.375781 0.256250
0 0.318750 0.744792 0.000000 0.000694
0 0.319727 0.747222 0.001172 0.002778
0 0.313477 0.871875 0.086328 0.245139
0 0.101953 0.754167 0.000000 0.000000
0 0.103125 0.755556 0.000000 0.000000
0 0.104883 0.757292 0.002734 0.002083
0 0.116602 0.771528 0.018359 0.025000
0 0.603320 0.774653 0.001172 0.000694
0 0.605469 0.776389 0.001563 0.001389
0 0.607812 0.779167 0.000000 0.000000
0 0.608203 0.779861 0.000000 0.000000
0 0.608594 0.780556 0.000000 0.000000
0 0.609180 0.781250 0.000391 0.000000
0 0.126562 0.788889 0.000781 0.006944
0 0.622461 0.892361 0.023047 0.206944
0 0.128125 0.799653 0.001563 0.004861
0 0.176563 0.808681 0.087500 0.015972
0 0.131055 0.804514 0.001953 0.002083
0 0.246875 0.823264 0.034375 0.021528
0 0.296680 0.826736 0.002734 0.003472
0 0.267188 0.830556 0.005469 0.002778
0 0.747266 0.969444 0.004687 0.008333
0 0.744141 0.975000 0.000000 0.000000
0 0.740820 0.978472 0.005859 0.005556
