0 0.499023 0.436458 0.997266 0.321528
0 0.504102 0.295833 0.000391 0.000000
0 0.425977 0.311111 0.000391 0.000000
0 0.300781 0.321528 0.000000 0.000000
0 0.301172 0.322222 0.000000 0.000000
0 0.301563 0.322917 0.000000 0.000000
0 0.302344 0.323611 0.000000 0.000000
0 0.302734 0.324306 0.000000 0.000000
0 0.303125 0.325694 0.000000 0.000000
0 0.654687 0.349306 0.000000 0.001389
0 0.208594 0.522222 0.118750 0.343056
0 0.654297 0.350694 0.000000 0.000000
0 0.653125 0.356597 0.001563 0.010417
0 0.651758 0.364583 0.000391 0.002778
0 0.651563 0.389236 0.005469 0.045139
0 0.172266 0.393056 0.003906 0.005556
0 0.169922 0.396528 0.000000 0.000000
0 0.169531 0.397222 0.000000 0.000000
0 0.169141 0.397917 0.000000 0.000000
0 0.444531 0.544097 0.025000 0.290972
0 0.655078 0.413194 0.000781 0.001389
0 0.655859 0.415278 0.000000 0.000000
0 0.656250 0.415972 0.000000 0.000000
0 0.656641 0.416667 0.000000 0.000000
0 0.657617 0.421528 0.000391 0.005556
0 0.658984 0.421528 0.000000 0.001389
0 0.665625 0.512847 0.017969 0.174306
0 0.990234 0.438194 0.000000 0.000000
0 0.007227 0.458333 0.000391 0.000000
0 0.005469 0.519444 0.000000 0.000000
0 0.006250 0.520139 0.000000 0.000000
0 0.035937 0.531944 0.000000 0.000000
0 0.035547 0.532639 0.000000 0.000000
0 0.952344 0.539931 0.000000 0.000694
0 0.951953 0.540972 0.000000 0.000000
0 0.951562 0.541667 0.000000 0.000000
0 0.951172 0.542708 0.000000 0.000694
0 0.950781 0.544097 0.000000 0.000694
0 0.950391 0.546528 0.000000 0.000000
0 0.950000 0.547222 0.000000 0.000000
0 0.902930 0.643056 0.036328 0.127778
0 0.665234 0.594792 0.000000 0.000694
0 0.662891 0.706250 0.024219 0.219444
0 0.922070 0.599306 0.000391 0.000000
0 0.921484 0.600000 0.000000 0.000000
0 0.921094 0.600694 0.000000 0.000000
0 0.920703 0.601389 0.000000 0.000000
0 0.914258 0.629861 0.004297 0.009722
0 0.448828 0.690972 0.000000 0.000000
0 0.444922 0.717014 0.007031 0.046528
0 0.282031 0.751042 0.034375 0.113194
0 0.879687 0.743750 0.028906 0.077778
0 0.460742 0.812847 0.030859 0.150694
0 0.881641 0.758681 0.000000 0.003472
0 0.762891 0.774653 0.009375 0.011806
0 0.679883 0.889931 0.155078 0.214583
0 0.871875 0.855556 0.024219 0.141667
0 0.396094 0.903819 0.196094 0.189583
0 0.752344 0.817361 0.000000 0.000000
0 0.753320 0.819097 0.001172 0.002083
0 0.317578 0.876736 0.000000 0.000694
0 0.471094 0.890972 0.000000 0.000000
0 0.350000 0.936806 0.006250 0.031944
0 0.862109 0.927083 0.000000 0.000000
0 0.860938 0.929514 0.001563 0.003472
0 0.857812 0.944444 0.005469 0.019444
0 0.354297 0.961806 0.000000 0.012500
0 0.853711 0.959722 0.001953 0.008333
0 0.853320 0.982292 0.037891 0.034028
0 0.351758 0.975347 0.004297 0.011806
0 0.349023 0.983681 0.000391 0.003472
