0 0.329688 0.045486 0.039844 0.090972
0 0.346094 0.093056 0.000000 0.000000
0 0.346484 0.094792 0.000000 0.000694
0 0.351562 0.111806 0.009375 0.031944
0 0.350586 0.156250 0.018359 0.056944
0 0.360156 0.207986 0.008594 0.024306
0 0.363672 0.221181 0.000000 0.000694
0 0.373242 0.238542 0.018359 0.029861
0 0.387305 0.286458 0.014453 0.059028
0 0.470313 0.404514 0.144531 0.178472
0 0.505078 0.460417 0.000000 0.000000
0 0.554688 0.516667 0.040625 0.050000
0 0.587695 0.587847 0.037109 0.092361
0 0.607031 0.636111 0.000000 0.000000
0 0.642188 0.696875 0.069531 0.121528
0 0.758203 0.886111 0.164844 0.226389
