0 0.206641 0.040972 0.003906 0.006944
0 0.204297 0.045139 0.000000 0.000000
0 0.203906 0.045833 0.000000 0.000000
0 0.198633 0.053472 0.008984 0.012500
0 0.173047 0.061111 0.035156 0.008333
0 0.148828 0.059028 0.000000 0.000000
0 0.148438 0.059722 0.000000 0.000000
0 0.147266 0.060417 0.000000 0.000000
0 0.146680 0.061111 0.000391 0.000000
0 0.145898 0.061806 0.000391 0.000000
0 0.115625 0.129861 0.057813 0.134722
0 0.500781 0.536458 0.997656 0.925694
0 0.359570 0.158333 0.010547 0.006944
0 0.353906 0.162500 0.000000 0.000000
0 0.891016 0.326042 0.006250 0.009028
0 0.894531 0.331250 0.000000 0.000000
0 0.919141 0.386806 0.000000 0.000000
0 0.919922 0.390278 0.000781 0.004167
0 0.202344 0.485417 0.000000 0.000000
0 0.058008 0.663889 0.116016 0.311111
0 0.024414 0.733333 0.005078 0.006944
0 0.055273 0.823264 0.000391 0.000694
0 0.055859 0.824306 0.000000 0.000000
0 0.176563 0.912153 0.296094 0.174306
0 0.985352 0.920486 0.008984 0.007639
0 0.993164 0.922917 0.005078 0.002778
0 0.181641 0.986806 0.000000 0.000000
0 0.184180 0.993403 0.004297 0.011806
