0 0.499805 0.545139 0.999609 0.152778
0 0.430859 0.502083 0.000000 0.000000
0 0.431250 0.502778 0.000000 0.000000
0 0.431836 0.503472 0.000391 0.000000
0 0.482422 0.521528 0.000000 0.000000
0 0.000781 0.526389 0.000000 0.000000
0 0.717187 0.534028 0.000000 0.000000
0 0.496875 0.552431 0.011719 0.024306
0 0.910547 0.554861 0.000000 0.001389
0 0.530078 0.569444 0.000000 0.000000
0 0.529687 0.570139 0.000000 0.000000
0 0.529297 0.570833 0.000000 0.000000
0 0.588477 0.572222 0.000391 0.001389
0 0.589453 0.573264 0.000781 0.003472
