0 0.980273 0.222222 0.000391 0.000000
0 0.979492 0.222917 0.000391 0.000000
0 0.976562 0.223958 0.001563 0.000694
0 0.487695 0.434722 0.975391 0.419444
0 0.892773 0.545486 0.001172 0.000694
0 0.883008 0.548958 0.008984 0.004861
0 0.895898 0.547222 0.004297 0.001389
0 0.898633 0.549306 0.000391 0.001389
0 0.900391 0.551736 0.002344 0.002083
0 0.875781 0.554167 0.002344 0.001389
0 0.911523 0.555903 0.012109 0.004861
0 0.874219 0.555556 0.000000 0.000000
0 0.917969 0.559028 0.000000 0.000000
0 0.958984 0.574306 0.081250 0.029167
0 0.804102 0.569444 0.000391 0.002778
0 0.808789 0.612153 0.008203 0.081250
0 0.191406 0.583333 0.001563 0.001389
0 0.193555 0.586111 0.001172 0.001389
0 0.316016 0.646528 0.000781 0.002778
0 0.317188 0.650694 0.000000 0.000000
0 0.317969 0.652083 0.000781 0.001389
0 0.821289 0.701042 0.016016 0.084028
0 0.830469 0.749653 0.001563 0.010417
0 0.833789 0.762153 0.004297 0.013194
0 0.883984 0.832292 0.095312 0.124306
0 0.842969 0.805903 0.000781 0.000694
0 0.843945 0.806944 0.000391 0.000000
0 0.845313 0.808333 0.000000 0.000000
0 0.846484 0.809028 0.000781 0.001389
0 0.847656 0.810417 0.000000 0.000000
0 0.848047 0.811806 0.000000 0.000000
0 0.848633 0.812500 0.000391 0.000000
0 0.849219 0.813194 0.000000 0.000000
0 0.889453 0.863194 0.000000 0.000000
0 0.890234 0.863889 0.000000 0.000000
0 0.898438 0.872222 0.000781 0.001389
0 0.924219 0.892014 0.001563 0.000694
0 0.925391 0.893056 0.000000 0.000000
0 0.926562 0.894097 0.000781 0.000694
0 0.935742 0.903472 0.016797 0.016667
0 0.934961 0.897569 0.005859 0.004861
0 0.938281 0.900694 0.000000 0.000000
0 0.939063 0.901389 0.000000 0.000000
0 0.970117 0.946181 0.058984 0.088194
