0 0.657617 0.262153 0.049609 0.131250
0 0.828516 0.377431 0.077344 0.039583
0 0.871875 0.366667 0.007812 0.002778
0 0.934961 0.420833 0.116797 0.108333
0 0.712695 0.525000 0.558984 0.301389
0 0.433203 0.445833 0.000000 0.000000
0 0.432812 0.446528 0.000000 0.000000
0 0.432031 0.448611 0.000000 0.000000
0 0.268359 0.573958 0.530469 0.214583
0 0.784180 0.487153 0.000391 0.000694
0 0.048242 0.506597 0.006641 0.002083
0 0.204687 0.553125 0.023438 0.003472
0 0.217578 0.555903 0.000781 0.000694
0 0.046484 0.668403 0.092969 0.106250
