0 0.928711 0.470833 0.141797 0.079167
0 0.864453 0.454861 0.000000 0.000000
0 0.864844 0.455556 0.000000 0.000000
0 0.968750 0.493750 0.052344 0.026389
0 0.858008 0.511111 0.002734 0.000000
0 0.052344 0.546528 0.000781 0.004167
0 0.526563 0.683681 0.946094 0.277083
0 0.026562 0.560764 0.048438 0.018750
0 0.052734 0.552083 0.000000 0.000000
0 0.288086 0.612500 0.044922 0.031944
0 0.842969 0.717361 0.000000 0.000000
0 0.842578 0.718056 0.000000 0.000000
0 0.842187 0.718750 0.000000 0.000000
0 0.872461 0.751389 0.031641 0.026389
0 0.860938 0.744444 0.000781 0.000000
0 0.862500 0.745139 0.000000 0.000000
0 0.760547 0.752083 0.000000 0.000000
0 0.463477 0.754861 0.000391 0.000000
0 0.213086 0.763194 0.000391 0.002778
0 0.095508 0.844097 0.191016 0.120139
