0 0.546094 0.052778 0.072656 0.105556
0 0.801172 0.045833 0.029687 0.088889
0 0.503906 0.075000 0.007031 0.011111
0 0.792773 0.134028 0.010547 0.083333
0 0.489258 0.118403 0.029297 0.034028
0 0.472461 0.144097 0.005078 0.014583
0 0.459961 0.163194 0.012109 0.022222
0 0.440234 0.182639 0.017969 0.025000
0 0.390820 0.247569 0.068359 0.059028
0 0.401172 0.279167 0.011719 0.030556
0 0.344336 0.418403 0.136328 0.282639
0 0.258594 0.314236 0.032813 0.018750
0 0.221875 0.328125 0.039844 0.043750
0 0.207422 0.311806 0.017969 0.006944
0 0.276172 0.309722 0.000000 0.000000
0 0.275781 0.310417 0.000000 0.000000
0 0.150977 0.327778 0.102734 0.033333
0 0.307812 0.313889 0.000781 0.000000
0 0.242969 0.317361 0.000000 0.000000
0 0.242578 0.318056 0.000000 0.000000
0 0.242188 0.318750 0.000000 0.000000
0 0.050977 0.352083 0.100391 0.059722
0 0.002734 0.381250 0.000000 0.000000
0 0.770312 0.657986 0.328906 0.261806
0 0.456641 0.577431 0.116406 0.081250
0 0.555859 0.573958 0.099219 0.035417
0 0.670312 0.570833 0.022656 0.020833
0 0.780469 0.579861 0.009375 0.004167
0 0.775781 0.589583 0.000000 0.000000
0 0.510547 0.592361 0.000000 0.000000
0 0.469141 0.600000 0.000000 0.000000
0 0.950977 0.736806 0.019141 0.013889
0 0.987109 0.760069 0.024219 0.042361
0 0.981055 0.749306 0.000391 0.000000
0 0.961523 0.766319 0.023828 0.031250
0 0.959766 0.804861 0.031250 0.025000
0 0.908203 0.816319 0.074219 0.024306
