0 0.499219 0.277778 0.998437 0.350000
0 0.016406 0.183333 0.001563 0.000000
0 0.042969 0.387500 0.085938 0.236111
0 0.618750 0.397222 0.000000 0.005556
0 0.617188 0.402778 0.000000 0.000000
0 0.612500 0.426389 0.006250 0.041667
0 0.607031 0.458333 0.001563 0.011111
0 0.606250 0.556944 0.021875 0.180556
0 0.620313 0.652778 0.003125 0.005556
0 0.623437 0.661111 0.000000 0.000000
0 0.625000 0.663889 0.000000 0.000000
0 0.626563 0.666667 0.000000 0.000000
0 0.630469 0.686111 0.001563 0.022222
0 0.635938 0.686111 0.000000 0.005556
0 0.648438 0.850000 0.034375 0.294444
