0 0.529687 0.241667 0.125000 0.483333
0 0.476562 0.498611 0.000000 0.025000
0 0.446875 0.670833 0.059375 0.258333
0 0.467187 0.555556 0.003125 0.016667
0 0.464062 0.566667 0.000000 0.000000
0 0.437500 0.815278 0.003125 0.025000
0 0.418750 0.819444 0.000000 0.000000
0 0.420312 0.827778 0.000000 0.000000
0 0.421875 0.834722 0.000000 0.002778
0 0.449219 0.909722 0.051562 0.152778
0 0.423438 0.838889 0.000000 0.000000
0 0.425000 0.841667 0.000000 0.000000
0 0.439063 0.994444 0.025000 0.005556
0 0.456250 0.993056 0.003125 0.002778
0 0.471875 0.994444 0.018750 0.005556
0 0.460156 0.997222 0.001563 0.000000
