0 0.607031 0.068056 0.154688 0.136111
0 0.505469 0.494444 0.564063 0.700000
0 0.681250 0.154167 0.006250 0.008333
0 0.685937 0.161111 0.000000 0.000000
0 0.689844 0.391667 0.001563 0.000000
0 0.685156 0.397222 0.004687 0.005556
0 0.933594 0.508333 0.129688 0.100000
0 0.808594 0.512500 0.107813 0.086111
0 0.879687 0.511111 0.000000 0.000000
0 0.876563 0.513889 0.000000 0.000000
0 0.763281 0.536111 0.001563 0.000000
0 0.570312 0.763889 0.006250 0.027778
0 0.576562 0.765278 0.000000 0.002778
0 0.539062 0.791667 0.037500 0.044444
0 0.506250 0.870833 0.028125 0.108333
0 0.254688 0.840278 0.018750 0.030556
0 0.197656 0.920833 0.085938 0.152778
0 0.239063 0.850000 0.000000 0.000000
0 0.242188 0.850000 0.000000 0.000000
0 0.243750 0.852778 0.000000 0.000000
0 0.457813 0.959722 0.071875 0.075000
0 0.495312 0.930556 0.000000 0.005556
