0 0.589063 0.498611 0.818750 0.997222
0 0.140625 0.198611 0.109375 0.180556
0 0.084375 0.291667 0.000000 0.000000
0 0.082031 0.295833 0.001563 0.002778
0 0.079687 0.301389 0.000000 0.002778
0 0.076563 0.308333 0.000000 0.000000
0 0.068750 0.322222 0.000000 0.000000
0 0.067187 0.325000 0.000000 0.000000
0 0.065625 0.327778 0.000000 0.000000
0 0.064062 0.330556 0.000000 0.000000
0 0.062500 0.333333 0.000000 0.000000
0 0.060937 0.336111 0.000000 0.000000
0 0.035937 0.372222 0.046875 0.066667
0 0.005469 0.450000 0.010937 0.083333
0 0.098437 0.651389 0.196875 0.091667
0 0.539062 0.900000 0.000000 0.000000
0 0.014844 0.994444 0.023438 0.005556
