0 0.551562 0.169444 0.528125 0.188889
0 0.878906 0.318056 0.129688 0.252778
0 0.122656 0.340278 0.245312 0.197222
0 0.812500 0.327778 0.000000 0.000000
0 0.809375 0.336111 0.000000 0.000000
0 0.805469 0.341667 0.004687 0.005556
0 0.746875 0.670833 0.262500 0.652778
0 0.799219 0.350000 0.004687 0.005556
0 0.795312 0.355556 0.000000 0.000000
0 0.792969 0.358333 0.001563 0.000000
0 0.790625 0.361111 0.000000 0.000000
0 0.875781 0.530556 0.092188 0.138889
0 0.928125 0.644444 0.000000 0.000000
0 0.926562 0.647222 0.000000 0.000000
0 0.925000 0.652778 0.000000 0.000000
0 0.950000 0.725000 0.096875 0.127778
0 0.917188 0.675000 0.000000 0.000000
0 0.915625 0.680556 0.000000 0.000000
0 0.914062 0.683333 0.000000 0.000000
0 0.912500 0.688889 0.000000 0.000000
0 0.930469 0.830556 0.135937 0.055556
0 0.903125 0.805556 0.000000 0.000000
