0 0.171094 0.123611 0.326562 0.247222
0 0.205469 0.156944 0.010937 0.019444
0 0.219531 0.172222 0.010937 0.011111
0 0.206250 0.169444 0.000000 0.000000
0 0.210938 0.169444 0.000000 0.000000
0 0.228125 0.169444 0.000000 0.000000
0 0.207813 0.172222 0.000000 0.000000
0 0.214062 0.172222 0.000000 0.000000
0 0.226562 0.175000 0.000000 0.000000
0 0.229687 0.175000 0.000000 0.000000
0 0.229687 0.179167 0.003125 0.002778
0 0.235937 0.180556 0.000000 0.000000
0 0.652344 0.404167 0.692187 0.308333
0 0.262500 0.498611 0.006250 0.008333
0 0.268750 0.506944 0.018750 0.025000
0 0.282031 0.495833 0.004687 0.002778
0 0.287500 0.494444 0.000000 0.000000
0 0.291406 0.495833 0.004687 0.002778
0 0.302344 0.500000 0.004687 0.011111
0 0.307812 0.494444 0.000000 0.000000
0 0.312500 0.498611 0.003125 0.008333
0 0.317969 0.502778 0.007812 0.016667
0 0.285938 0.500000 0.003125 0.005556
0 0.295312 0.497222 0.000000 0.000000
0 0.298438 0.497222 0.000000 0.000000
0 0.309375 0.497222 0.000000 0.000000
0 0.292187 0.502778 0.003125 0.005556
0 0.307031 0.500000 0.001563 0.000000
0 0.278906 0.504167 0.004687 0.002778
0 0.296875 0.502778 0.000000 0.000000
0 0.304688 0.502778 0.000000 0.000000
0 0.259375 0.505556 0.000000 0.000000
0 0.307031 0.509722 0.001563 0.002778
0 0.267969 0.511111 0.001563 0.000000
0 0.272656 0.511111 0.001563 0.000000
0 0.280469 0.511111 0.001563 0.000000
0 0.264844 0.516667 0.001563 0.005556
0 0.275781 0.513889 0.001563 0.000000
0 0.312500 0.513889 0.000000 0.000000
0 0.270313 0.516667 0.000000 0.000000
0 0.297656 0.526389 0.007812 0.019444
0 0.267188 0.519444 0.000000 0.000000
0 0.259375 0.522222 0.000000 0.000000
0 0.262500 0.522222 0.000000 0.000000
0 0.292187 0.525000 0.000000 0.000000
0 0.307812 0.525000 0.000000 0.000000
0 0.289062 0.530556 0.003125 0.005556
0 0.306250 0.527778 0.000000 0.000000
0 0.304688 0.530556 0.000000 0.000000
0 0.285938 0.534722 0.003125 0.002778
0 0.301563 0.534722 0.003125 0.002778
0 0.922656 0.798611 0.129688 0.363889
