0 0.239063 0.005556 0.000000 0.000000
0 0.240625 0.008333 0.000000 0.000000
0 0.243750 0.011111 0.000000 0.000000
0 0.245312 0.013889 0.000000 0.000000
0 0.246875 0.016667 0.000000 0.000000
0 0.317969 0.145833 0.139063 0.252778
0 0.567187 0.516667 0.000000 0.000000
0 0.573438 0.522222 0.000000 0.000000
0 0.576562 0.525000 0.000000 0.000000
0 0.584375 0.533333 0.012500 0.011111
0 0.593750 0.541667 0.000000 0.000000
0 0.600000 0.547222 0.000000 0.000000
0 0.603906 0.551389 0.004687 0.002778
0 0.608594 0.555556 0.001563 0.000000
0 0.721875 0.647222 0.221875 0.177778
0 0.027344 0.606944 0.054688 0.036111
0 0.274219 0.645833 0.285938 0.097222
