0 0.321875 0.009722 0.006250 0.019444
0 0.335156 0.048611 0.017188 0.052778
0 0.535937 0.329167 0.381250 0.497222
0 0.371875 0.223611 0.003125 0.002778
0 0.375781 0.227778 0.001563 0.000000
0 0.381250 0.233333 0.000000 0.000000
0 0.385937 0.236111 0.003125 0.005556
0 0.390625 0.241667 0.000000 0.000000
0 0.392188 0.247222 0.000000 0.000000
0 0.394531 0.250000 0.001563 0.000000
0 0.396875 0.252778 0.000000 0.000000
0 0.557813 0.452778 0.000000 0.000000
0 0.560937 0.455556 0.000000 0.000000
0 0.593750 0.488889 0.003125 0.005556
0 0.696875 0.568056 0.006250 0.002778
0 0.701562 0.572222 0.000000 0.000000
0 0.706250 0.576389 0.003125 0.002778
0 0.742969 0.613889 0.067187 0.066667
0 0.739844 0.590278 0.023438 0.019444
0 0.753125 0.602778 0.000000 0.000000
0 0.756250 0.605556 0.000000 0.000000
0 0.880469 0.784722 0.235937 0.352778
