0 0.260937 0.498611 0.521875 0.997222
0 0.518750 0.177778 0.000000 0.000000
0 0.521094 0.183333 0.001563 0.005556
0 0.523438 0.191667 0.000000 0.000000
0 0.526563 0.197222 0.000000 0.000000
0 0.562500 0.331944 0.090625 0.258333
0 0.515625 0.268056 0.000000 0.002778
0 0.517188 0.272222 0.000000 0.000000
0 0.509375 0.284722 0.000000 0.008333
0 0.523438 0.294444 0.003125 0.011111
0 0.609375 0.465278 0.000000 0.002778
0 0.803906 0.733333 0.389062 0.527778
0 0.162500 0.872222 0.000000 0.000000
0 0.165625 0.875000 0.000000 0.000000
