0 0.916406 0.144444 0.054688 0.288889
0 0.884375 0.311111 0.000000 0.050000
0 0.898438 0.384722 0.028125 0.086111
0 0.898438 0.427778 0.000000 0.000000
0 0.895312 0.434722 0.000000 0.002778
0 0.877344 0.522222 0.045312 0.144444
0 0.873437 0.465278 0.000000 0.002778
0 0.841406 0.529167 0.051562 0.113889
0 0.837500 0.622222 0.037500 0.066667
0 0.817187 0.662500 0.000000 0.002778
0 0.815625 0.666667 0.000000 0.000000
0 0.813281 0.684722 0.001563 0.013889
0 0.799219 0.761111 0.048438 0.150000
0 0.815625 0.705556 0.000000 0.000000
0 0.817187 0.711111 0.000000 0.000000
0 0.785937 0.838889 0.000000 0.000000
0 0.784375 0.841667 0.000000 0.000000
0 0.798438 0.920833 0.065625 0.152778
0 0.775000 0.975000 0.000000 0.000000
0 0.776563 0.977778 0.000000 0.000000
0 0.781250 0.986111 0.000000 0.000000
