0 0.339844 0.020833 0.007812 0.041667
0 0.650000 0.151389 0.634375 0.302778
0 0.332813 0.118056 0.000000 0.002778
0 0.489844 0.184722 0.179688 0.069444
0 0.573438 0.150000 0.000000 0.000000
0 0.578125 0.152778 0.003125 0.000000
0 0.578125 0.244444 0.046875 0.116667
0 0.592187 0.188889 0.000000 0.000000
0 0.589063 0.191667 0.000000 0.000000
0 0.585938 0.194444 0.000000 0.000000
0 0.243750 0.338889 0.487500 0.244444
0 0.618750 0.262500 0.071875 0.075000
0 0.759375 0.454167 0.478125 0.180556
0 0.439063 0.422222 0.000000 0.000000
0 0.639062 0.469444 0.003125 0.005556
