0 0.246094 0.133333 0.492188 0.266667
0 0.571094 0.181944 0.004687 0.002778
0 0.532031 0.195833 0.035937 0.019444
0 0.583594 0.188889 0.017188 0.005556
0 0.594531 0.197222 0.001563 0.005556
0 0.601562 0.206944 0.009375 0.008333
0 0.503125 0.216667 0.009375 0.005556
0 0.646094 0.223611 0.048438 0.019444
0 0.496875 0.222222 0.000000 0.000000
0 0.671875 0.236111 0.000000 0.000000
0 0.835938 0.297222 0.325000 0.116667
0 0.216406 0.277778 0.001563 0.011111
0 0.235156 0.448611 0.032813 0.325000
0 0.285156 0.804167 0.064062 0.336111
0 0.321875 0.987500 0.006250 0.019444
