0 0.125781 0.111111 0.251563 0.138889
0 0.432031 0.177778 0.364063 0.205556
0 0.245312 0.183333 0.000000 0.000000
0 0.246875 0.186111 0.000000 0.000000
0 0.249219 0.188889 0.001563 0.000000
0 0.252344 0.191667 0.001563 0.000000
0 0.254688 0.194444 0.000000 0.000000
0 0.528906 0.251389 0.004687 0.002778
0 0.717969 0.386111 0.195312 0.261111
0 0.585938 0.277778 0.000000 0.000000
0 0.589063 0.281944 0.003125 0.002778
0 0.792188 0.522222 0.000000 0.005556
0 0.796875 0.525000 0.000000 0.000000
0 0.798438 0.529167 0.000000 0.002778
0 0.897656 0.627778 0.201563 0.188889
0 0.820312 0.566667 0.000000 0.000000
0 0.818750 0.575000 0.000000 0.000000
