0 0.081250 0.063889 0.162500 0.127778
0 0.378125 0.027778 0.328125 0.055556
0 0.662500 0.015278 0.028125 0.030556
0 0.787500 0.122222 0.162500 0.244444
0 0.457813 0.030556 0.000000 0.000000
0 0.028906 0.130556 0.001563 0.000000
0 0.936719 0.343056 0.123438 0.230556
0 0.770312 0.704167 0.456250 0.586111
0 0.765625 0.550000 0.000000 0.000000
0 0.762500 0.558333 0.000000 0.000000
0 0.698438 0.733333 0.000000 0.000000
0 0.700000 0.740278 0.000000 0.002778
0 0.645312 0.791667 0.003125 0.005556
0 0.640625 0.800000 0.000000 0.000000
