0 0.903125 0.444444 0.018750 0.011111
0 0.909375 0.438889 0.000000 0.000000
0 0.912500 0.438889 0.000000 0.000000
0 0.924219 0.441667 0.001563 0.005556
0 0.928125 0.438889 0.000000 0.000000
0 0.914062 0.441667 0.000000 0.000000
0 0.917188 0.444444 0.000000 0.000000
0 0.932813 0.444444 0.000000 0.000000
0 0.935937 0.447222 0.000000 0.000000
0 0.945312 0.452778 0.009375 0.011111
0 0.828125 0.575000 0.340625 0.244444
0 0.950000 0.452778 0.000000 0.000000
0 0.940625 0.455556 0.000000 0.000000
0 0.951562 0.455556 0.000000 0.000000
0 0.626563 0.527778 0.053125 0.027778
0 0.285156 0.637500 0.570312 0.186111
0 0.589063 0.550000 0.015625 0.011111
0 0.219531 0.722222 0.020313 0.050000
0 0.232031 0.711111 0.004687 0.011111
0 0.229687 0.719444 0.000000 0.000000
0 0.233594 0.719444 0.001563 0.000000
0 0.228125 0.726389 0.006250 0.008333
0 0.231250 0.722222 0.000000 0.000000
0 0.171875 0.744444 0.034375 0.033333
0 0.234375 0.729167 0.000000 0.002778
0 0.221875 0.730556 0.000000 0.000000
0 0.223438 0.736111 0.003125 0.005556
0 0.228125 0.733333 0.000000 0.000000
0 0.231250 0.733333 0.000000 0.000000
0 0.151562 0.737500 0.003125 0.002778
0 0.234375 0.736111 0.000000 0.000000
0 0.215625 0.738889 0.000000 0.000000
0 0.214062 0.741667 0.000000 0.000000
0 0.215625 0.751389 0.015625 0.019444
0 0.223438 0.741667 0.000000 0.000000
0 0.230469 0.748611 0.007812 0.008333
0 0.226562 0.747222 0.000000 0.000000
0 0.204687 0.750000 0.000000 0.000000
0 0.207813 0.750000 0.000000 0.000000
0 0.225000 0.750000 0.000000 0.000000
0 0.203125 0.752778 0.000000 0.000000
0 0.213281 0.752778 0.001563 0.000000
0 0.194531 0.759722 0.007812 0.002778
0 0.202344 0.759722 0.004687 0.002778
0 0.206250 0.761111 0.000000 0.000000
