0 0.162500 0.498611 0.203125 0.997222
0 0.671875 0.336111 0.581250 0.672222
0 0.460938 0.000000 0.006250 0.000000
0 0.468750 0.008333 0.000000 0.000000
0 0.470313 0.011111 0.000000 0.000000
0 0.473438 0.015278 0.003125 0.002778
0 0.476562 0.019444 0.000000 0.000000
0 0.053125 0.180556 0.003125 0.000000
0 0.050000 0.183333 0.000000 0.000000
0 0.024219 0.227778 0.048438 0.083333
0 0.549219 0.833333 0.260937 0.327778
0 0.667969 0.680556 0.004687 0.000000
0 0.687500 0.958333 0.012500 0.005556
0 0.735156 0.958333 0.023438 0.005556
0 0.780469 0.958333 0.014063 0.005556
0 0.793750 0.956944 0.006250 0.002778
0 0.799219 0.961111 0.001563 0.000000
0 0.804688 0.963889 0.000000 0.000000
0 0.832031 0.979167 0.042188 0.025000
0 0.879687 0.970833 0.018750 0.002778
0 0.867969 0.975000 0.001563 0.000000
0 0.940625 0.986111 0.028125 0.022222
0 0.865625 0.977778 0.000000 0.000000
0 0.864062 0.980556 0.000000 0.000000
0 0.860938 0.983333 0.000000 0.000000
0 0.857812 0.986111 0.000000 0.000000
