0 0.775781 0.194444 0.173437 0.388889
0 0.809375 0.159722 0.000000 0.002778
0 0.807813 0.163889 0.000000 0.000000
0 0.806250 0.166667 0.000000 0.000000
0 0.804688 0.170833 0.000000 0.002778
0 0.803125 0.176389 0.000000 0.002778
0 0.801562 0.186111 0.000000 0.000000
0 0.800000 0.188889 0.000000 0.000000
0 0.611719 0.572222 0.145313 0.511111
0 0.688281 0.397222 0.001563 0.000000
0 0.685937 0.400000 0.000000 0.000000
0 0.684375 0.402778 0.000000 0.000000
0 0.682813 0.405556 0.000000 0.000000
0 0.657031 0.519444 0.017188 0.038889
0 0.518750 0.908333 0.115625 0.177778
