0 0.892969 0.136111 0.192188 0.272222
0 0.859375 0.091667 0.018750 0.011111
0 0.842187 0.105556 0.012500 0.011111
0 0.832812 0.113889 0.000000 0.000000
0 0.829688 0.119444 0.003125 0.005556
0 0.805469 0.138889 0.035937 0.027778
0 0.492188 0.536111 0.587500 0.788889
0 0.807813 0.163889 0.000000 0.011111
0 0.025000 0.770833 0.050000 0.175000
0 0.047656 0.869444 0.004687 0.011111
0 0.042188 0.888889 0.012500 0.022222
0 0.050781 0.925000 0.001563 0.022222
0 0.060937 0.937500 0.003125 0.013889
0 0.194531 0.937500 0.004687 0.008333
0 0.190625 0.947222 0.000000 0.000000
0 0.050000 0.969444 0.015625 0.038889
0 0.182031 0.969444 0.014063 0.038889
0 0.052344 0.991667 0.001563 0.000000
