0 0.499219 0.188889 0.998437 0.377778
0 0.751563 0.063889 0.018750 0.127778
0 0.002344 0.044444 0.004687 0.011111
0 0.125000 0.109722 0.003125 0.008333
0 0.090625 0.458333 0.068750 0.677778
0 0.764062 0.134722 0.000000 0.002778
0 0.976562 0.254167 0.000000 0.008333
0 0.978125 0.261111 0.000000 0.000000
0 0.981250 0.266667 0.000000 0.000000
0 0.030469 0.830556 0.060937 0.155556
0 0.070312 0.813889 0.003125 0.022222
0 0.078906 0.820833 0.017188 0.019444
0 0.067187 0.830556 0.000000 0.000000
0 0.077344 0.950000 0.051562 0.094444
