0 0.573438 0.176389 0.075000 0.352778
0 0.435156 0.563889 0.870313 0.866667
0 0.646875 0.627778 0.000000 0.000000
0 0.628125 0.630556 0.000000 0.000000
0 0.648438 0.630556 0.000000 0.000000
0 0.792188 0.804167 0.000000 0.002778
0 0.793750 0.811111 0.000000 0.000000
0 0.795312 0.815278 0.000000 0.002778
0 0.796875 0.822222 0.000000 0.000000
0 0.800000 0.827778 0.000000 0.000000
0 0.804688 0.844444 0.000000 0.000000
0 0.806250 0.847222 0.000000 0.000000
0 0.809375 0.855556 0.000000 0.000000
0 0.810937 0.861111 0.000000 0.000000
0 0.857031 0.930556 0.089063 0.133333
