0 0.367969 0.487500 0.317188 0.975000
0 0.546875 0.068056 0.075000 0.136111
0 0.807813 0.016667 0.040625 0.033333
0 0.947656 0.011111 0.101562 0.022222
0 0.915625 0.008333 0.006250 0.000000
0 0.922656 0.011111 0.001563 0.000000
0 0.584375 0.019444 0.000000 0.000000
0 0.071094 0.233333 0.001563 0.000000
0 0.101562 0.315278 0.196875 0.152778
0 0.201563 0.366667 0.000000 0.000000
0 0.204687 0.369444 0.000000 0.000000
0 0.206250 0.372222 0.000000 0.000000
0 0.486719 0.827778 0.001563 0.000000
0 0.483594 0.830556 0.001563 0.000000
0 0.479687 0.977778 0.000000 0.000000
0 0.467969 0.988889 0.026562 0.016667
