0 0.013281 0.031944 0.026562 0.063889
0 0.339844 0.047222 0.139063 0.094444
0 0.719531 0.312500 0.557813 0.491667
0 0.413281 0.098611 0.004687 0.002778
0 0.421875 0.105556 0.006250 0.005556
0 0.431250 0.116667 0.000000 0.000000
0 0.432812 0.119444 0.000000 0.000000
0 0.434375 0.122222 0.000000 0.000000
0 0.436719 0.125000 0.001563 0.000000
0 0.489844 0.569444 0.092188 0.827778
0 0.989062 0.877778 0.018750 0.033333
0 0.985156 0.938889 0.026562 0.111111
0 0.976562 0.900000 0.000000 0.000000
0 0.963281 0.913889 0.023438 0.022222
