0 0.092969 0.015278 0.089063 0.030556
0 0.242969 0.336111 0.085938 0.672222
0 0.532813 0.000000 0.006250 0.000000
0 0.577344 0.000000 0.035937 0.000000
0 0.739062 0.018056 0.181250 0.036111
0 0.593750 0.309722 0.256250 0.463889
0 0.735156 0.100000 0.020313 0.027778
0 0.492188 0.494444 0.000000 0.000000
0 0.488281 0.501389 0.004687 0.008333
0 0.484375 0.508333 0.000000 0.000000
0 0.478125 0.525000 0.000000 0.000000
0 0.473438 0.540278 0.006250 0.019444
0 0.333594 0.770833 0.270313 0.452778
0 0.043750 0.856944 0.087500 0.280556
