0 0.932031 0.273611 0.079687 0.547222
0 0.928125 0.556944 0.000000 0.008333
0 0.877344 0.634722 0.242188 0.136111
0 0.712500 0.652778 0.028125 0.027778
0 0.745313 0.641667 0.015625 0.005556
0 0.560937 0.697222 0.109375 0.050000
0 0.659375 0.681944 0.065625 0.019444
0 0.434375 0.712500 0.065625 0.036111
0 0.489063 0.711111 0.028125 0.016667
0 0.349219 0.719444 0.060937 0.022222
0 0.107813 0.759722 0.212500 0.069444
0 0.315625 0.730556 0.000000 0.000000
0 0.314063 0.734722 0.000000 0.002778
0 0.307031 0.744444 0.004687 0.005556
0 0.303125 0.750000 0.000000 0.000000
0 0.300000 0.752778 0.000000 0.000000
0 0.298438 0.755556 0.000000 0.000000
0 0.000000 0.761111 0.000000 0.000000
0 0.286719 0.768056 0.007812 0.002778
0 0.279687 0.772222 0.003125 0.000000
0 0.267188 0.777778 0.009375 0.005556
0 0.219531 0.783333 0.001563 0.000000
0 0.255469 0.783333 0.004687 0.000000
0 0.221875 0.786111 0.000000 0.000000
0 0.250781 0.786111 0.001563 0.000000
