0 0.679688 0.238889 0.231250 0.477778
0 0.562500 0.486111 0.000000 0.005556
0 0.559375 0.501389 0.003125 0.013889
0 0.551562 0.568056 0.003125 0.036111
0 0.547656 0.594444 0.001563 0.005556
0 0.542188 0.612500 0.006250 0.019444
0 0.537500 0.625000 0.000000 0.000000
0 0.534375 0.633333 0.000000 0.000000
0 0.532813 0.636111 0.000000 0.000000
0 0.531250 0.638889 0.000000 0.000000
0 0.507031 0.680556 0.039062 0.072222
0 0.485938 0.722222 0.000000 0.000000
0 0.457813 0.768056 0.053125 0.086111
0 0.441406 0.876389 0.082812 0.119444
0 0.400000 0.958333 0.000000 0.005556
0 0.401562 0.968056 0.000000 0.008333
0 0.356250 0.981944 0.084375 0.030556
