0 0.564063 0.205556 0.150000 0.411111
0 0.043750 0.198611 0.087500 0.163889
0 0.089844 0.290278 0.001563 0.013889
0 0.096875 0.313889 0.000000 0.000000
0 0.078125 0.519444 0.156250 0.411111
0 0.490625 0.405556 0.000000 0.000000
0 0.492188 0.408333 0.000000 0.000000
0 0.495312 0.416667 0.000000 0.000000
0 0.496875 0.419444 0.000000 0.000000
0 0.544531 0.709722 0.907813 0.575000
0 0.086719 0.737500 0.001563 0.008333
0 0.816406 0.761111 0.001563 0.000000
0 0.821094 0.763889 0.001563 0.000000
0 0.828125 0.766667 0.000000 0.000000
0 0.831250 0.769444 0.000000 0.000000
