0 0.045312 0.615278 0.090625 0.180556
0 0.235937 0.797222 0.303125 0.400000
0 0.117188 0.606944 0.003125 0.002778
0 0.121094 0.615278 0.001563 0.008333
0 0.125000 0.629167 0.000000 0.002778
0 0.126562 0.633333 0.000000 0.000000
0 0.111719 0.701389 0.023438 0.030556
0 0.125781 0.719444 0.001563 0.000000
0 0.131250 0.725000 0.000000 0.000000
0 0.134375 0.727778 0.000000 0.000000
0 0.200000 0.837500 0.000000 0.002778
0 0.283594 0.902778 0.001563 0.000000
0 0.285938 0.905556 0.000000 0.000000
0 0.287500 0.908333 0.000000 0.000000
0 0.289062 0.911111 0.000000 0.000000
