0 0.417187 0.098611 0.350000 0.197222
0 0.593750 0.200000 0.000000 0.000000
0 0.595313 0.202778 0.000000 0.000000
0 0.598437 0.206944 0.003125 0.002778
0 0.601562 0.211111 0.000000 0.000000
0 0.606250 0.216667 0.000000 0.000000
0 0.608594 0.219444 0.001563 0.000000
0 0.614062 0.222222 0.000000 0.000000
0 0.627344 0.243056 0.023438 0.030556
0 0.650781 0.273611 0.017188 0.025000
0 0.667188 0.297222 0.000000 0.000000
0 0.670312 0.301389 0.003125 0.002778
0 0.673438 0.305556 0.000000 0.000000
0 0.692969 0.330556 0.032813 0.044444
0 0.717187 0.359722 0.003125 0.002778
0 0.720313 0.363889 0.000000 0.000000
0 0.723437 0.372222 0.003125 0.005556
0 0.735156 0.388889 0.017188 0.022222
0 0.836719 0.973611 0.323437 0.047222
