0 0.200000 0.270833 0.400000 0.541667
0 0.371094 0.050000 0.148438 0.100000
0 0.835156 0.330556 0.114062 0.661111
0 0.392969 0.533333 0.004687 0.000000
0 0.885156 0.662500 0.001563 0.002778
0 0.889844 0.677778 0.004687 0.016667
0 0.857812 0.691667 0.031250 0.038889
0 0.882812 0.686111 0.006250 0.011111
0 0.896094 0.701389 0.020313 0.025000
0 0.840625 0.713889 0.000000 0.000000
0 0.839063 0.716667 0.000000 0.000000
0 0.885938 0.730556 0.021875 0.022222
0 0.899219 0.838889 0.045312 0.183333
0 0.911719 0.956944 0.054688 0.080556
0 0.925781 0.927778 0.001563 0.005556
0 0.928125 0.933333 0.000000 0.000000
