0 0.578125 0.004167 0.012500 0.008333
0 0.670312 0.111111 0.300000 0.222222
0 0.563281 0.038889 0.020313 0.050000
0 0.578125 0.013889 0.000000 0.000000
0 0.812500 0.013889 0.000000 0.000000
0 0.571875 0.029167 0.000000 0.002778
0 0.570312 0.033333 0.000000 0.000000
0 0.568750 0.036111 0.000000 0.000000
0 0.553125 0.055556 0.000000 0.000000
0 0.544531 0.484722 0.392188 0.547222
0 0.543750 0.329167 0.000000 0.002778
0 0.247656 0.545833 0.198437 0.313889
0 0.346875 0.441667 0.000000 0.000000
0 0.345313 0.444444 0.000000 0.000000
0 0.310937 0.530556 0.000000 0.000000
0 0.298438 0.547222 0.021875 0.022222
0 0.642188 0.594444 0.000000 0.000000
0 0.092969 0.852778 0.185938 0.288889
0 0.746875 0.744444 0.003125 0.000000
0 0.750000 0.747222 0.000000 0.000000
0 0.825781 0.872222 0.148438 0.244444
0 0.840625 0.872222 0.000000 0.000000
0 0.842187 0.875000 0.000000 0.000000
0 0.843750 0.879167 0.000000 0.002778
0 0.903125 0.997222 0.000000 0.000000
